0:24:10,37.1,0.043,0.043,0.044,0.042,0.043,0.043,0.043,0.043,0.043,0.044,0.045,0.044,0.042,0.042,0.041,0.041,0.041,0.041,0.042,0.043,0.043,0.045,0.045,0.044,0.041,0.042,0.042,0.041,0.044,0.042,0.042,0.043,0.043,0.061,0.045,0.046,0.043,0.043,0.043,0.040,0.040,0.039,0.043,0.041,0.042,0.041,0.043,0.043,0.043,0.044,0.045,0.048,0.043,0.042,0.046,0.043,0.043,0.043,0.043,0.044,0.044,0.046,0.046,0.046,0.042,0.043,0.045,0.045,0.046,0.043,0.043,0.046,0.043,0.046,0.046,0.043,0.042,0.043,0.043,0.046,0.046,0.043,0.042,0.044,0.043,0.045,0.044,0.043,0.041,0.042,0.043,0.044,0.043,0.043,0.042,0.043
0:49:10,37.0,0.044,0.044,0.045,0.043,0.045,0.045,0.044,0.044,0.045,0.046,0.047,0.046,0.043,0.042,0.042,0.042,0.042,0.042,0.044,0.044,0.044,0.045,0.046,0.046,0.042,0.042,0.044,0.042,0.043,0.043,0.044,0.044,0.044,0.057,0.046,0.047,0.044,0.045,0.045,0.041,0.040,0.040,0.044,0.041,0.044,0.042,0.043,0.045,0.043,0.045,0.047,0.049,0.044,0.042,0.047,0.043,0.043,0.044,0.043,0.044,0.044,0.047,0.046,0.045,0.042,0.045,0.046,0.047,0.048,0.047,0.046,0.046,0.044,0.047,0.047,0.044,0.043,0.043,0.043,0.043,0.046,0.044,0.043,0.044,0.044,0.046,0.046,0.043,0.042,0.043,0.043,0.044,0.043,0.044,0.043,0.044
1:14:10,37.1,0.046,0.047,0.048,0.044,0.046,0.047,0.046,0.046,0.047,0.048,0.049,0.049,0.043,0.042,0.042,0.043,0.043,0.044,0.045,0.046,0.046,0.048,0.049,0.048,0.044,0.043,0.045,0.042,0.043,0.043,0.046,0.045,0.045,0.056,0.048,0.049,0.046,0.046,0.047,0.042,0.043,0.041,0.046,0.043,0.047,0.045,0.045,0.047,0.044,0.045,0.046,0.047,0.043,0.042,0.048,0.044,0.044,0.044,0.044,0.045,0.046,0.048,0.047,0.046,0.043,0.045,0.047,0.048,0.044,0.048,0.046,0.047,0.045,0.048,0.049,0.044,0.043,0.044,0.044,0.043,0.046,0.045,0.044,0.045,0.045,0.047,0.047,0.044,0.042,0.043,0.044,0.045,0.043,0.043,0.043,0.044
1:39:10,37.0,0.048,0.049,0.050,0.046,0.048,0.049,0.048,0.049,0.049,0.051,0.052,0.052,0.043,0.043,0.042,0.044,0.043,0.045,0.047,0.047,0.048,0.050,0.051,0.050,0.044,0.043,0.045,0.042,0.044,0.044,0.046,0.047,0.047,0.054,0.049,0.050,0.048,0.048,0.050,0.044,0.045,0.042,0.050,0.046,0.050,0.049,0.048,0.050,0.043,0.045,0.047,0.047,0.043,0.042,0.049,0.044,0.044,0.045,0.045,0.045,0.046,0.049,0.048,0.046,0.044,0.044,0.047,0.049,0.044,0.048,0.044,0.047,0.045,0.048,0.049,0.045,0.044,0.044,0.044,0.044,0.047,0.045,0.044,0.045,0.045,0.047,0.047,0.044,0.043,0.043,0.044,0.045,0.043,0.044,0.043,0.044
2:04:10,37.0,0.051,0.052,0.053,0.049,0.051,0.052,0.051,0.052,0.052,0.055,0.055,0.056,0.043,0.043,0.043,0.045,0.044,0.046,0.050,0.050,0.050,0.053,0.054,0.053,0.043,0.043,0.045,0.043,0.044,0.044,0.048,0.048,0.048,0.051,0.052,0.052,0.051,0.052,0.053,0.046,0.046,0.043,0.052,0.049,0.053,0.052,0.051,0.054,0.044,0.045,0.047,0.047,0.044,0.042,0.047,0.045,0.045,0.046,0.045,0.046,0.047,0.048,0.048,0.045,0.045,0.045,0.048,0.049,0.045,0.048,0.044,0.046,0.046,0.049,0.050,0.045,0.044,0.044,0.045,0.045,0.047,0.045,0.044,0.046,0.046,0.048,0.048,0.044,0.043,0.044,0.044,0.046,0.044,0.044,0.043,0.045
2:29:10,37.0,0.055,0.056,0.057,0.051,0.054,0.056,0.055,0.055,0.056,0.059,0.059,0.060,0.043,0.043,0.043,0.046,0.045,0.048,0.052,0.051,0.053,0.056,0.057,0.057,0.044,0.043,0.046,0.043,0.044,0.044,0.049,0.050,0.049,0.053,0.054,0.054,0.054,0.056,0.058,0.049,0.047,0.044,0.054,0.051,0.057,0.056,0.053,0.058,0.044,0.045,0.047,0.047,0.044,0.042,0.048,0.046,0.046,0.046,0.046,0.047,0.046,0.048,0.048,0.047,0.045,0.045,0.048,0.049,0.049,0.047,0.044,0.046,0.046,0.049,0.050,0.045,0.044,0.044,0.045,0.045,0.047,0.045,0.044,0.046,0.046,0.048,0.048,0.044,0.043,0.044,0.044,0.046,0.044,0.044,0.043,0.045
2:54:10,37.1,0.059,0.061,0.062,0.055,0.058,0.060,0.059,0.060,0.060,0.065,0.065,0.067,0.043,0.043,0.043,0.047,0.046,0.049,0.055,0.055,0.056,0.059,0.061,0.061,0.042,0.044,0.044,0.044,0.045,0.045,0.051,0.051,0.051,0.055,0.056,0.057,0.059,0.061,0.064,0.052,0.050,0.046,0.057,0.054,0.059,0.061,0.058,0.064,0.044,0.046,0.047,0.047,0.044,0.042,0.049,0.047,0.046,0.047,0.047,0.048,0.046,0.048,0.049,0.047,0.045,0.044,0.049,0.049,0.050,0.047,0.044,0.045,0.047,0.050,0.051,0.044,0.044,0.045,0.045,0.045,0.048,0.045,0.044,0.046,0.046,0.048,0.048,0.044,0.043,0.044,0.045,0.046,0.044,0.044,0.043,0.045
3:19:10,37.1,0.064,0.067,0.068,0.059,0.062,0.066,0.065,0.065,0.065,0.072,0.072,0.074,0.043,0.043,0.043,0.048,0.048,0.051,0.059,0.057,0.059,0.064,0.065,0.065,0.043,0.044,0.044,0.044,0.045,0.045,0.053,0.053,0.053,0.058,0.059,0.060,0.064,0.067,0.071,0.056,0.054,0.048,0.059,0.058,0.063,0.066,0.065,0.070,0.044,0.046,0.047,0.048,0.044,0.043,0.050,0.047,0.047,0.048,0.047,0.048,0.046,0.048,0.049,0.046,0.045,0.043,0.049,0.050,0.046,0.048,0.045,0.046,0.047,0.050,0.051,0.045,0.045,0.045,0.045,0.045,0.048,0.045,0.044,0.046,0.046,0.048,0.048,0.044,0.043,0.044,0.045,0.046,0.044,0.044,0.044,0.045
3:44:10,37.0,0.070,0.075,0.076,0.065,0.069,0.074,0.071,0.071,0.072,0.081,0.080,0.083,0.043,0.043,0.043,0.050,0.049,0.053,0.063,0.061,0.063,0.069,0.071,0.069,0.042,0.043,0.044,0.044,0.046,0.046,0.055,0.056,0.055,0.062,0.063,0.064,0.071,0.075,0.080,0.061,0.060,0.052,0.062,0.061,0.067,0.073,0.072,0.079,0.044,0.046,0.047,0.048,0.044,0.043,0.051,0.049,0.048,0.049,0.048,0.049,0.046,0.049,0.050,0.046,0.045,0.043,0.050,0.051,0.050,0.046,0.046,0.046,0.047,0.050,0.051,0.045,0.045,0.045,0.045,0.046,0.048,0.045,0.044,0.046,0.046,0.048,0.048,0.044,0.043,0.044,0.045,0.046,0.044,0.044,0.044,0.045
4:09:10,37.0,0.079,0.085,0.085,0.071,0.076,0.083,0.079,0.079,0.080,0.092,0.090,0.092,0.043,0.043,0.043,0.052,0.051,0.056,0.068,0.065,0.068,0.074,0.076,0.075,0.043,0.043,0.044,0.045,0.046,0.046,0.058,0.058,0.058,0.066,0.067,0.068,0.079,0.086,0.091,0.069,0.066,0.057,0.071,0.069,0.074,0.082,0.082,0.090,0.044,0.046,0.047,0.048,0.044,0.043,0.052,0.050,0.050,0.050,0.049,0.050,0.047,0.048,0.050,0.046,0.043,0.043,0.050,0.051,0.049,0.045,0.045,0.046,0.048,0.050,0.052,0.045,0.045,0.045,0.046,0.046,0.048,0.045,0.045,0.047,0.046,0.048,0.048,0.044,0.044,0.044,0.045,0.046,0.045,0.044,0.044,0.045
4:34:10,37.0,0.089,0.097,0.096,0.079,0.085,0.094,0.089,0.089,0.089,0.106,0.106,0.108,0.043,0.043,0.043,0.054,0.054,0.059,0.074,0.071,0.074,0.082,0.083,0.084,0.043,0.044,0.044,0.045,0.047,0.047,0.061,0.062,0.061,0.070,0.071,0.072,0.089,0.099,0.106,0.078,0.074,0.062,0.080,0.079,0.082,0.093,0.094,0.102,0.045,0.046,0.047,0.048,0.044,0.043,0.053,0.051,0.051,0.051,0.050,0.051,0.047,0.048,0.050,0.045,0.043,0.044,0.049,0.052,0.051,0.048,0.046,0.047,0.048,0.050,0.051,0.045,0.045,0.045,0.046,0.046,0.048,0.045,0.045,0.047,0.046,0.048,0.048,0.045,0.043,0.044,0.045,0.047,0.045,0.045,0.044,0.045
4:59:10,37.1,0.102,0.112,0.110,0.089,0.096,0.107,0.101,0.102,0.101,0.125,0.123,0.123,0.043,0.043,0.043,0.057,0.057,0.062,0.081,0.077,0.080,0.092,0.092,0.092,0.043,0.044,0.044,0.046,0.047,0.047,0.065,0.065,0.066,0.076,0.077,0.078,0.103,0.116,0.125,0.089,0.085,0.069,0.091,0.091,0.093,0.107,0.109,0.118,0.045,0.046,0.047,0.048,0.044,0.042,0.055,0.053,0.053,0.052,0.051,0.053,0.047,0.049,0.050,0.045,0.043,0.043,0.049,0.052,0.051,0.048,0.046,0.047,0.048,0.050,0.051,0.045,0.045,0.045,0.046,0.046,0.049,0.045,0.045,0.047,0.046,0.048,0.048,0.045,0.044,0.044,0.045,0.047,0.045,0.045,0.044,0.045
5:24:10,37.0,0.119,0.132,0.126,0.103,0.111,0.122,0.118,0.119,0.117,0.150,0.148,0.149,0.043,0.043,0.043,0.060,0.061,0.067,0.091,0.085,0.089,0.105,0.104,0.103,0.043,0.044,0.044,0.046,0.048,0.048,0.069,0.070,0.070,0.083,0.085,0.084,0.121,0.138,0.148,0.104,0.099,0.077,0.107,0.106,0.107,0.125,0.117,0.138,0.046,0.046,0.048,0.048,0.044,0.043,0.057,0.055,0.055,0.053,0.053,0.054,0.047,0.049,0.050,0.045,0.043,0.043,0.049,0.050,0.048,0.048,0.046,0.048,0.048,0.050,0.051,0.045,0.045,0.045,0.047,0.046,0.049,0.046,0.045,0.047,0.046,0.048,0.048,0.045,0.044,0.044,0.045,0.047,0.045,0.045,0.044,0.045
5:49:10,37.1,0.139,0.156,0.157,0.122,0.129,0.141,0.140,0.140,0.138,0.180,0.176,0.176,0.043,0.043,0.043,0.064,0.066,0.072,0.103,0.096,0.101,0.121,0.118,0.117,0.043,0.044,0.044,0.047,0.048,0.048,0.075,0.075,0.076,0.091,0.092,0.092,0.146,0.164,0.177,0.123,0.115,0.088,0.124,0.124,0.123,0.145,0.167,0.163,0.045,0.046,0.048,0.048,0.044,0.043,0.059,0.057,0.057,0.055,0.054,0.056,0.047,0.049,0.050,0.045,0.043,0.043,0.050,0.050,0.049,0.049,0.047,0.049,0.048,0.050,0.051,0.045,0.045,0.046,0.047,0.047,0.049,0.046,0.045,0.047,0.046,0.049,0.048,0.045,0.044,0.045,0.046,0.047,0.045,0.045,0.044,0.046
6:14:10,37.0,0.162,0.181,0.187,0.150,0.160,0.177,0.165,0.165,0.164,0.215,0.211,0.210,0.043,0.043,0.043,0.068,0.071,0.079,0.119,0.109,0.115,0.141,0.136,0.135,0.043,0.044,0.044,0.047,0.049,0.049,0.082,0.082,0.082,0.101,0.102,0.101,0.174,0.191,0.205,0.145,0.133,0.100,0.144,0.146,0.141,0.171,0.202,0.194,0.045,0.046,0.048,0.048,0.044,0.043,0.062,0.060,0.060,0.057,0.056,0.058,0.047,0.049,0.050,0.046,0.043,0.043,0.051,0.051,0.050,0.047,0.047,0.048,0.048,0.050,0.051,0.045,0.046,0.046,0.047,0.047,0.050,0.046,0.045,0.047,0.046,0.048,0.048,0.045,0.044,0.045,0.046,0.047,0.046,0.045,0.044,0.046
6:39:10,37.1,0.187,0.208,0.217,0.182,0.192,0.209,0.199,0.199,0.197,0.256,0.251,0.247,0.043,0.043,0.043,0.074,0.078,0.086,0.139,0.125,0.134,0.168,0.159,0.156,0.043,0.044,0.044,0.048,0.050,0.049,0.091,0.090,0.090,0.114,0.115,0.113,0.203,0.214,0.236,0.169,0.154,0.115,0.168,0.170,0.162,0.198,0.239,0.230,0.045,0.046,0.048,0.048,0.044,0.043,0.065,0.063,0.063,0.060,0.059,0.060,0.048,0.050,0.051,0.045,0.043,0.045,0.053,0.053,0.051,0.047,0.048,0.048,0.048,0.050,0.051,0.046,0.045,0.046,0.048,0.047,0.050,0.046,0.046,0.047,0.046,0.048,0.048,0.045,0.044,0.045,0.046,0.047,0.046,0.045,0.044,0.046
7:04:10,37.0,0.221,0.249,0.255,0.215,0.231,0.254,0.238,0.237,0.235,0.299,0.294,0.290,0.044,0.043,0.044,0.082,0.087,0.095,0.164,0.146,0.159,0.199,0.188,0.183,0.043,0.044,0.044,0.049,0.051,0.050,0.104,0.101,0.101,0.129,0.130,0.127,0.220,0.230,0.271,0.199,0.181,0.136,0.195,0.198,0.185,0.224,0.281,0.270,0.045,0.047,0.049,0.048,0.044,0.043,0.070,0.068,0.067,0.063,0.061,0.063,0.048,0.049,0.050,0.046,0.044,0.044,0.054,0.054,0.052,0.048,0.048,0.049,0.048,0.050,0.051,0.046,0.046,0.046,0.048,0.048,0.050,0.047,0.046,0.048,0.046,0.049,0.049,0.045,0.044,0.045,0.046,0.048,0.046,0.045,0.045,0.046
7:29:10,37.1,0.246,0.257,0.297,0.255,0.271,0.303,0.280,0.280,0.278,0.343,0.337,0.345,0.043,0.043,0.043,0.094,0.099,0.108,0.197,0.172,0.189,0.236,0.223,0.215,0.043,0.044,0.044,0.049,0.051,0.051,0.117,0.114,0.113,0.149,0.148,0.143,0.225,0.253,0.300,0.233,0.210,0.158,0.224,0.223,0.210,0.276,0.323,0.312,0.046,0.047,0.049,0.048,0.044,0.043,0.074,0.072,0.076,0.066,0.064,0.067,0.048,0.049,0.051,0.046,0.044,0.043,0.054,0.055,0.054,0.048,0.048,0.050,0.048,0.050,0.051,0.046,0.046,0.046,0.048,0.048,0.050,0.047,0.046,0.048,0.046,0.049,0.048,0.045,0.044,0.045,0.046,0.048,0.046,0.045,0.045,0.046
7:54:10,37.1,0.257,0.267,0.340,0.297,0.314,0.355,0.324,0.326,0.323,0.382,0.379,0.374,0.043,0.043,0.043,0.104,0.112,0.122,0.236,0.205,0.228,0.276,0.263,0.254,0.043,0.044,0.044,0.050,0.052,0.051,0.136,0.131,0.130,0.173,0.174,0.164,0.252,0.277,0.331,0.267,0.243,0.185,0.254,0.280,0.253,0.318,0.363,0.353,0.046,0.047,0.048,0.048,0.044,0.043,0.080,0.078,0.077,0.070,0.068,0.071,0.048,0.049,0.051,0.046,0.044,0.043,0.056,0.056,0.055,0.049,0.049,0.050,0.048,0.050,0.051,0.046,0.046,0.046,0.048,0.048,0.051,0.047,0.046,0.048,0.046,0.048,0.049,0.045,0.044,0.045,0.046,0.048,0.046,0.045,0.045,0.046
8:19:10,37.1,0.286,0.363,0.380,0.341,0.357,0.377,0.370,0.371,0.368,0.418,0.416,0.413,0.044,0.043,0.044,0.119,0.129,0.142,0.279,0.245,0.271,0.317,0.305,0.294,0.043,0.044,0.044,0.051,0.054,0.052,0.159,0.152,0.150,0.204,0.204,0.190,0.341,0.333,0.299,0.304,0.278,0.214,0.284,0.326,0.300,0.358,0.402,0.392,0.046,0.048,0.049,0.048,0.044,0.043,0.087,0.084,0.084,0.074,0.072,0.076,0.048,0.049,0.051,0.046,0.044,0.044,0.058,0.058,0.057,0.049,0.049,0.051,0.048,0.050,0.051,0.046,0.046,0.046,0.049,0.049,0.051,0.047,0.046,0.048,0.046,0.049,0.049,0.045,0.044,0.045,0.047,0.048,0.046,0.046,0.045,0.046
8:44:10,37.1,0.346,0.398,0.413,0.381,0.398,0.415,0.410,0.411,0.409,0.453,0.451,0.446,0.044,0.043,0.043,0.138,0.150,0.165,0.322,0.287,0.314,0.353,0.346,0.334,0.043,0.044,0.044,0.052,0.055,0.054,0.188,0.177,0.175,0.240,0.238,0.219,0.387,0.389,0.353,0.316,0.320,0.245,0.340,0.368,0.346,0.396,0.438,0.426,0.046,0.047,0.049,0.048,0.044,0.043,0.095,0.092,0.092,0.079,0.077,0.080,0.048,0.049,0.051,0.046,0.044,0.043,0.060,0.060,0.059,0.050,0.051,0.052,0.048,0.050,0.051,0.046,0.046,0.046,0.049,0.049,0.052,0.047,0.046,0.048,0.046,0.049,0.049,0.045,0.044,0.045,0.047,0.048,0.047,0.046,0.045,0.046
9:09:10,37.0,0.407,0.421,0.447,0.415,0.433,0.453,0.448,0.449,0.447,0.484,0.484,0.496,0.044,0.043,0.044,0.160,0.176,0.196,0.364,0.333,0.359,0.389,0.383,0.370,0.043,0.044,0.044,0.054,0.057,0.055,0.223,0.212,0.206,0.284,0.278,0.256,0.423,0.442,0.424,0.340,0.354,0.281,0.388,0.410,0.390,0.432,0.470,0.459,0.046,0.048,0.049,0.048,0.044,0.043,0.105,0.103,0.103,0.086,0.083,0.087,0.048,0.049,0.051,0.046,0.044,0.044,0.062,0.064,0.062,0.051,0.051,0.053,0.048,0.050,0.051,0.046,0.046,0.046,0.050,0.050,0.052,0.048,0.047,0.049,0.046,0.049,0.049,0.045,0.044,0.045,0.047,0.049,0.047,0.046,0.045,0.047
9:34:10,37.0,0.448,0.453,0.479,0.448,0.465,0.482,0.483,0.484,0.482,0.511,0.511,0.506,0.044,0.043,0.044,0.189,0.208,0.231,0.404,0.376,0.399,0.418,0.416,0.401,0.043,0.044,0.044,0.056,0.058,0.057,0.265,0.248,0.245,0.330,0.318,0.292,0.438,0.475,0.461,0.407,0.287,0.275,0.433,0.450,0.433,0.465,0.498,0.489,0.046,0.048,0.050,0.049,0.044,0.043,0.117,0.115,0.115,0.093,0.090,0.095,0.048,0.049,0.051,0.046,0.044,0.044,0.066,0.066,0.064,0.052,0.052,0.054,0.048,0.050,0.051,0.046,0.046,0.046,0.051,0.051,0.053,0.048,0.047,0.049,0.046,0.049,0.049,0.045,0.044,0.045,0.048,0.049,0.047,0.046,0.045,0.047
9:59:10,37.1,0.474,0.485,0.505,0.477,0.494,0.511,0.514,0.515,0.513,0.532,0.535,0.538,0.044,0.044,0.044,0.222,0.245,0.269,0.436,0.414,0.436,0.446,0.448,0.431,0.043,0.044,0.044,0.058,0.061,0.058,0.309,0.291,0.287,0.374,0.359,0.330,0.468,0.504,0.494,0.451,0.360,0.326,0.469,0.484,0.473,0.493,0.521,0.512,0.047,0.048,0.048,0.049,0.044,0.043,0.133,0.129,0.129,0.102,0.098,0.103,0.048,0.049,0.052,0.046,0.045,0.044,0.070,0.070,0.067,0.053,0.053,0.056,0.048,0.050,0.051,0.046,0.046,0.047,0.051,0.051,0.054,0.048,0.047,0.049,0.046,0.049,0.049,0.045,0.044,0.045,0.048,0.049,0.047,0.046,0.045,0.047
10:24:10,37.0,0.497,0.512,0.528,0.502,0.520,0.535,0.540,0.541,0.540,0.553,0.558,0.558,0.044,0.044,0.044,0.259,0.282,0.307,0.467,0.448,0.469,0.474,0.477,0.458,0.043,0.044,0.044,0.060,0.063,0.061,0.356,0.335,0.334,0.412,0.395,0.365,0.500,0.530,0.520,0.484,0.419,0.404,0.504,0.515,0.511,0.519,0.543,0.532,0.047,0.049,0.049,0.049,0.044,0.043,0.151,0.148,0.148,0.113,0.108,0.113,0.049,0.049,0.051,0.046,0.044,0.044,0.073,0.073,0.071,0.054,0.055,0.058,0.048,0.050,0.051,0.046,0.046,0.047,0.052,0.052,0.055,0.048,0.047,0.049,0.046,0.049,0.049,0.046,0.045,0.046,0.048,0.049,0.048,0.046,0.045,0.047
10:49:10,37.1,0.524,0.540,0.552,0.525,0.542,0.556,0.563,0.564,0.562,0.570,0.574,0.570,0.044,0.043,0.044,0.300,0.320,0.345,0.495,0.480,0.500,0.495,0.501,0.483,0.043,0.044,0.051,0.063,0.066,0.063,0.394,0.377,0.377,0.446,0.426,0.394,0.528,0.555,0.551,0.511,0.465,0.448,0.533,0.545,0.543,0.541,0.564,0.553,0.048,0.048,0.049,0.049,0.044,0.043,0.173,0.170,0.170,0.126,0.119,0.125,0.049,0.049,0.051,0.046,0.045,0.044,0.078,0.078,0.075,0.056,0.057,0.060,0.048,0.050,0.051,0.046,0.046,0.046,0.053,0.053,0.056,0.049,0.048,0.050,0.046,0.049,0.049,0.046,0.045,0.046,0.048,0.050,0.048,0.046,0.046,0.047
11:14:10,37.1,0.536,0.560,0.569,0.548,0.564,0.579,0.586,0.587,0.586,0.588,0.595,0.593,0.044,0.044,0.044,0.336,0.356,0.375,0.523,0.508,0.527,0.518,0.524,0.504,0.043,0.044,0.044,0.067,0.069,0.067,0.426,0.411,0.412,0.479,0.455,0.422,0.547,0.577,0.578,0.536,0.498,0.482,0.560,0.570,0.575,0.565,0.585,0.572,0.048,0.048,0.049,0.049,0.044,0.043,0.201,0.197,0.197,0.141,0.133,0.140,0.049,0.049,0.051,0.046,0.044,0.044,0.082,0.083,0.081,0.058,0.059,0.063,0.048,0.050,0.051,0.046,0.046,0.046,0.054,0.054,0.057,0.049,0.048,0.050,0.046,0.049,0.049,0.046,0.045,0.046,0.049,0.050,0.048,0.047,0.046,0.047
11:39:10,37.0,0.557,0.583,0.588,0.565,0.583,0.595,0.605,0.607,0.606,0.606,0.609,0.599,0.044,0.044,0.044,0.371,0.384,0.403,0.549,0.539,0.556,0.540,0.549,0.528,0.043,0.044,0.044,0.071,0.073,0.071,0.458,0.444,0.446,0.511,0.484,0.448,0.571,0.600,0.603,0.559,0.525,0.509,0.592,0.598,0.596,0.584,0.600,0.588,0.047,0.048,0.050,0.049,0.045,0.043,0.234,0.230,0.230,0.160,0.150,0.157,0.049,0.050,0.051,0.046,0.045,0.044,0.089,0.089,0.087,0.061,0.062,0.065,0.048,0.050,0.051,0.047,0.047,0.046,0.056,0.056,0.059,0.049,0.049,0.051,0.046,0.049,0.049,0.046,0.045,0.046,0.049,0.051,0.049,0.047,0.046,0.047
12:04:10,37.1,0.571,0.598,0.609,0.581,0.605,0.616,0.627,0.628,0.624,0.624,0.626,0.614,0.044,0.044,0.044,0.399,0.410,0.431,0.573,0.562,0.581,0.558,0.570,0.546,0.043,0.044,0.044,0.074,0.077,0.076,0.490,0.475,0.479,0.541,0.510,0.473,0.588,0.614,0.617,0.584,0.547,0.533,0.612,0.617,0.621,0.603,0.618,0.605,0.049,0.049,0.049,0.049,0.045,0.043,0.273,0.267,0.267,0.182,0.170,0.178,0.049,0.049,0.051,0.047,0.045,0.044,0.096,0.098,0.095,0.064,0.065,0.069,0.048,0.050,0.051,0.047,0.046,0.047,0.057,0.058,0.060,0.050,0.049,0.051,0.046,0.049,0.049,0.046,0.045,0.046,0.050,0.051,0.049,0.047,0.046,0.048
12:29:10,37.0,0.587,0.615,0.616,0.599,0.614,0.624,0.646,0.647,0.647,0.630,0.638,0.626,0.044,0.044,0.044,0.427,0.438,0.459,0.595,0.590,0.607,0.571,0.591,0.568,0.043,0.044,0.044,0.079,0.082,0.082,0.518,0.506,0.509,0.572,0.538,0.495,0.607,0.627,0.634,0.601,0.570,0.554,0.638,0.639,0.639,0.620,0.630,0.617,0.048,0.048,0.050,0.049,0.045,0.043,0.314,0.309,0.305,0.209,0.194,0.202,0.049,0.049,0.051,0.046,0.045,0.044,0.105,0.107,0.102,0.068,0.069,0.072,0.048,0.050,0.051,0.047,0.046,0.047,0.059,0.059,0.062,0.050,0.049,0.051,0.046,0.049,0.049,0.046,0.045,0.046,0.050,0.051,0.050,0.047,0.046,0.048
12:54:10,37.0,0.599,0.627,0.626,0.606,0.625,0.635,0.649,0.649,0.650,0.635,0.642,0.634,0.044,0.044,0.044,0.455,0.464,0.485,0.609,0.609,0.619,0.589,0.608,0.582,0.043,0.044,0.044,0.084,0.087,0.087,0.548,0.536,0.542,0.602,0.561,0.519,0.621,0.637,0.646,0.619,0.593,0.573,0.648,0.657,0.659,0.634,0.642,0.627,0.048,0.049,0.050,0.049,0.045,0.043,0.354,0.348,0.344,0.239,0.223,0.230,0.049,0.049,0.051,0.046,0.045,0.044,0.117,0.118,0.114,0.071,0.073,0.076,0.048,0.050,0.051,0.047,0.047,0.047,0.061,0.061,0.064,0.051,0.050,0.052,0.046,0.049,0.049,0.046,0.045,0.046,0.051,0.052,0.050,0.047,0.047,0.048
13:19:10,37.0,0.604,0.632,0.633,0.618,0.632,0.643,0.660,0.659,0.660,0.644,0.651,0.646,0.044,0.044,0.044,0.481,0.490,0.511,0.624,0.626,0.639,0.600,0.617,0.595,0.044,0.045,0.044,0.090,0.093,0.094,0.575,0.564,0.569,0.627,0.588,0.539,0.627,0.645,0.652,0.631,0.610,0.596,0.659,0.672,0.678,0.649,0.655,0.639,0.048,0.049,0.050,0.049,0.045,0.043,0.393,0.387,0.380,0.274,0.255,0.259,0.049,0.050,0.051,0.047,0.045,0.044,0.130,0.131,0.126,0.076,0.078,0.082,0.048,0.050,0.051,0.047,0.047,0.047,0.064,0.064,0.066,0.051,0.051,0.053,0.046,0.049,0.049,0.046,0.045,0.046,0.051,0.053,0.051,0.047,0.047,0.048
13:44:10,37.0,0.614,0.643,0.642,0.625,0.641,0.650,0.672,0.670,0.670,0.650,0.660,0.653,0.044,0.044,0.044,0.506,0.512,0.531,0.641,0.638,0.651,0.615,0.633,0.607,0.044,0.044,0.044,0.097,0.101,0.102,0.597,0.592,0.599,0.647,0.607,0.561,0.637,0.655,0.659,0.641,0.624,0.613,0.674,0.691,0.691,0.658,0.662,0.642,0.048,0.049,0.049,0.049,0.045,0.043,0.429,0.422,0.415,0.309,0.290,0.290,0.049,0.050,0.051,0.047,0.045,0.045,0.146,0.147,0.142,0.082,0.084,0.088,0.048,0.050,0.051,0.047,0.047,0.047,0.066,0.067,0.069,0.052,0.051,0.053,0.046,0.049,0.049,0.046,0.045,0.046,0.052,0.054,0.052,0.048,0.047,0.048
14:09:10,37.1,0.620,0.649,0.649,0.633,0.647,0.657,0.677,0.676,0.677,0.657,0.665,0.660,0.044,0.044,0.044,0.530,0.533,0.549,0.650,0.654,0.666,0.625,0.642,0.617,0.044,0.045,0.044,0.105,0.109,0.112,0.614,0.611,0.615,0.665,0.622,0.576,0.644,0.660,0.666,0.650,0.635,0.635,0.697,0.700,0.709,0.669,0.670,0.651,0.048,0.049,0.049,0.049,0.045,0.043,0.463,0.457,0.448,0.344,0.326,0.322,0.049,0.050,0.051,0.047,0.045,0.045,0.165,0.166,0.160,0.088,0.090,0.096,0.048,0.050,0.051,0.047,0.047,0.047,0.069,0.070,0.072,0.053,0.052,0.054,0.046,0.049,0.049,0.046,0.045,0.046,0.053,0.054,0.053,0.048,0.047,0.048
14:34:10,37.1,0.627,0.656,0.654,0.639,0.654,0.664,0.684,0.685,0.686,0.663,0.673,0.667,0.044,0.044,0.044,0.553,0.549,0.569,0.663,0.666,0.676,0.633,0.654,0.630,0.044,0.044,0.044,0.115,0.119,0.124,0.633,0.628,0.637,0.685,0.634,0.595,0.652,0.669,0.677,0.650,0.643,0.641,0.712,0.703,0.713,0.679,0.672,0.656,0.048,0.048,0.049,0.049,0.045,0.043,0.495,0.488,0.478,0.378,0.360,0.353,0.049,0.050,0.051,0.047,0.045,0.044,0.189,0.190,0.184,0.096,0.098,0.104,0.048,0.050,0.051,0.047,0.047,0.047,0.072,0.073,0.075,0.054,0.053,0.056,0.046,0.049,0.049,0.046,0.045,0.046,0.054,0.056,0.054,0.048,0.048,0.049
14:59:10,37.0,0.633,0.662,0.660,0.644,0.658,0.668,0.689,0.689,0.690,0.666,0.677,0.670,0.044,0.044,0.044,0.566,0.566,0.583,0.670,0.676,0.688,0.643,0.663,0.636,0.044,0.045,0.044,0.127,0.131,0.137,0.646,0.644,0.652,0.700,0.649,0.602,0.657,0.672,0.678,0.657,0.645,0.642,0.717,0.709,0.721,0.683,0.675,0.661,0.047,0.049,0.052,0.049,0.045,0.043,0.526,0.519,0.507,0.410,0.393,0.383,0.049,0.050,0.051,0.047,0.045,0.044,0.217,0.217,0.210,0.104,0.106,0.114,0.048,0.050,0.051,0.047,0.047,0.047,0.076,0.077,0.079,0.056,0.055,0.057,0.046,0.049,0.049,0.046,0.045,0.046,0.055,0.057,0.055,0.049,0.048,0.049
15:24:10,37.0,0.636,0.666,0.663,0.650,0.664,0.673,0.694,0.695,0.696,0.670,0.681,0.676,0.044,0.044,0.044,0.583,0.580,0.599,0.677,0.687,0.696,0.647,0.670,0.644,0.044,0.045,0.044,0.140,0.145,0.154,0.661,0.658,0.670,0.717,0.660,0.616,0.664,0.682,0.683,0.666,0.649,0.650,0.727,0.718,0.728,0.687,0.679,0.667,0.048,0.049,0.050,0.050,0.045,0.044,0.553,0.547,0.533,0.438,0.423,0.409,0.049,0.050,0.051,0.047,0.045,0.044,0.249,0.249,0.240,0.114,0.117,0.125,0.048,0.050,0.051,0.047,0.047,0.047,0.081,0.082,0.084,0.057,0.056,0.059,0.046,0.049,0.049,0.046,0.045,0.046,0.056,0.058,0.057,0.049,0.048,0.049
15:49:10,37.0,0.644,0.671,0.669,0.653,0.667,0.676,0.698,0.699,0.700,0.672,0.684,0.680,0.044,0.044,0.044,0.596,0.594,0.609,0.685,0.691,0.700,0.655,0.679,0.652,0.044,0.045,0.044,0.156,0.161,0.172,0.669,0.672,0.681,0.730,0.670,0.627,0.669,0.682,0.687,0.666,0.660,0.654,0.732,0.722,0.730,0.689,0.682,0.668,0.048,0.049,0.049,0.050,0.045,0.044,0.581,0.573,0.560,0.465,0.451,0.434,0.049,0.050,0.051,0.047,0.045,0.044,0.285,0.287,0.275,0.127,0.130,0.140,0.048,0.050,0.051,0.047,0.047,0.047,0.087,0.088,0.089,0.059,0.058,0.060,0.047,0.049,0.049,0.046,0.046,0.047,0.058,0.059,0.058,0.049,0.049,0.050
16:14:10,37.0,0.645,0.674,0.672,0.658,0.671,0.681,0.701,0.702,0.703,0.675,0.686,0.682,0.044,0.044,0.044,0.610,0.604,0.621,0.689,0.700,0.708,0.659,0.682,0.655,0.044,0.045,0.044,0.175,0.180,0.195,0.681,0.680,0.692,0.745,0.680,0.635,0.672,0.686,0.690,0.668,0.660,0.660,0.737,0.725,0.740,0.692,0.686,0.672,0.048,0.049,0.049,0.050,0.045,0.044,0.607,0.599,0.583,0.491,0.477,0.459,0.049,0.049,0.051,0.047,0.045,0.044,0.322,0.325,0.313,0.142,0.145,0.156,0.048,0.050,0.051,0.047,0.047,0.047,0.093,0.095,0.096,0.061,0.060,0.062,0.047,0.049,0.049,0.046,0.046,0.047,0.059,0.061,0.059,0.049,0.049,0.050
16:39:10,37.0,0.649,0.678,0.675,0.660,0.676,0.683,0.706,0.706,0.708,0.676,0.689,0.686,0.044,0.044,0.044,0.619,0.615,0.628,0.696,0.704,0.712,0.664,0.689,0.661,0.044,0.045,0.044,0.197,0.203,0.222,0.687,0.693,0.699,0.758,0.685,0.645,0.677,0.690,0.692,0.673,0.661,0.662,0.733,0.729,0.740,0.699,0.687,0.674,0.048,0.049,0.050,0.050,0.046,0.044,0.622,0.615,0.600,0.516,0.501,0.480,0.049,0.050,0.051,0.047,0.045,0.044,0.359,0.364,0.351,0.160,0.163,0.176,0.048,0.050,0.051,0.047,0.047,0.047,0.101,0.102,0.104,0.063,0.062,0.064,0.047,0.049,0.049,0.046,0.046,0.047,0.061,0.063,0.061,0.050,0.049,0.050
17:04:10,37.0,0.650,0.681,0.678,0.664,0.677,0.686,0.707,0.708,0.709,0.678,0.690,0.687,0.044,0.044,0.044,0.629,0.623,0.638,0.699,0.709,0.718,0.669,0.692,0.665,0.044,0.045,0.044,0.223,0.230,0.252,0.696,0.698,0.709,0.769,0.694,0.649,0.679,0.693,0.695,0.675,0.662,0.667,0.730,0.731,0.743,0.698,0.690,0.675,0.048,0.049,0.050,0.050,0.046,0.044,0.644,0.638,0.622,0.537,0.524,0.500,0.049,0.050,0.051,0.047,0.045,0.044,0.393,0.401,0.387,0.181,0.185,0.199,0.048,0.050,0.051,0.047,0.047,0.047,0.110,0.112,0.113,0.066,0.065,0.066,0.047,0.049,0.049,0.047,0.046,0.047,0.063,0.065,0.063,0.050,0.050,0.050
17:29:10,37.0,0.650,0.681,0.679,0.666,0.680,0.689,0.711,0.712,0.713,0.680,0.692,0.690,0.044,0.044,0.044,0.637,0.630,0.643,0.703,0.714,0.721,0.670,0.695,0.668,0.044,0.045,0.044,0.254,0.261,0.286,0.701,0.707,0.715,0.781,0.698,0.657,0.683,0.697,0.697,0.678,0.665,0.669,0.733,0.735,0.745,0.700,0.691,0.679,0.048,0.049,0.050,0.050,0.047,0.044,0.658,0.652,0.636,0.559,0.545,0.521,0.049,0.050,0.051,0.047,0.045,0.044,0.425,0.435,0.422,0.205,0.210,0.225,0.048,0.050,0.051,0.047,0.047,0.047,0.120,0.123,0.124,0.068,0.067,0.069,0.047,0.049,0.049,0.047,0.046,0.047,0.065,0.067,0.066,0.051,0.050,0.050
17:54:10,37.1,0.651,0.683,0.679,0.666,0.680,0.690,0.712,0.713,0.714,0.680,0.693,0.690,0.044,0.044,0.044,0.644,0.636,0.651,0.706,0.715,0.724,0.675,0.699,0.672,0.044,0.045,0.044,0.287,0.294,0.321,0.706,0.710,0.722,0.790,0.704,0.662,0.685,0.698,0.699,0.679,0.667,0.671,0.733,0.737,0.749,0.701,0.692,0.678,0.048,0.049,0.050,0.051,0.047,0.045,0.674,0.669,0.653,0.576,0.563,0.538,0.049,0.050,0.051,0.047,0.045,0.045,0.455,0.468,0.450,0.234,0.239,0.254,0.048,0.050,0.051,0.048,0.047,0.048,0.133,0.136,0.138,0.071,0.070,0.071,0.047,0.049,0.049,0.047,0.046,0.047,0.067,0.069,0.068,0.052,0.051,0.051
18:19:10,37.0,0.652,0.683,0.679,0.666,0.681,0.690,0.714,0.716,0.717,0.681,0.694,0.692,0.044,0.044,0.044,0.651,0.643,0.654,0.709,0.720,0.728,0.676,0.700,0.673,0.044,0.045,0.044,0.321,0.327,0.349,0.712,0.716,0.727,0.799,0.708,0.666,0.688,0.701,0.700,0.681,0.668,0.671,0.734,0.740,0.751,0.702,0.692,0.679,0.048,0.049,0.050,0.051,0.048,0.045,0.685,0.678,0.663,0.593,0.584,0.556,0.049,0.050,0.051,0.047,0.045,0.045,0.482,0.496,0.476,0.266,0.271,0.283,0.048,0.050,0.051,0.048,0.047,0.048,0.148,0.152,0.153,0.075,0.074,0.074,0.047,0.049,0.049,0.047,0.046,0.047,0.070,0.072,0.071,0.052,0.051,0.051
18:44:10,37.0,0.652,0.684,0.680,0.667,0.681,0.690,0.715,0.717,0.718,0.682,0.694,0.693,0.044,0.044,0.044,0.656,0.647,0.661,0.712,0.721,0.728,0.679,0.703,0.676,0.044,0.045,0.044,0.347,0.357,0.378,0.715,0.719,0.731,0.808,0.712,0.671,0.687,0.702,0.702,0.681,0.668,0.672,0.733,0.741,0.753,0.703,0.692,0.679,0.048,0.049,0.050,0.052,0.049,0.046,0.696,0.692,0.675,0.610,0.598,0.570,0.049,0.050,0.051,0.047,0.045,0.045,0.508,0.524,0.504,0.300,0.303,0.312,0.048,0.050,0.051,0.048,0.047,0.047,0.165,0.169,0.171,0.079,0.078,0.077,0.047,0.049,0.049,0.047,0.046,0.047,0.073,0.075,0.074,0.053,0.052,0.051
19:09:10,37.1,0.652,0.684,0.680,0.669,0.682,0.691,0.715,0.716,0.718,0.682,0.695,0.694,0.044,0.044,0.044,0.661,0.652,0.664,0.714,0.724,0.732,0.680,0.704,0.678,0.044,0.044,0.044,0.376,0.386,0.406,0.719,0.724,0.736,0.816,0.716,0.673,0.688,0.705,0.704,0.682,0.669,0.672,0.735,0.743,0.755,0.704,0.693,0.681,0.048,0.049,0.050,0.053,0.050,0.046,0.706,0.700,0.685,0.623,0.617,0.584,0.049,0.050,0.051,0.047,0.045,0.045,0.530,0.551,0.528,0.335,0.335,0.341,0.048,0.051,0.051,0.048,0.048,0.048,0.185,0.191,0.192,0.084,0.082,0.081,0.047,0.050,0.049,0.047,0.046,0.047,0.077,0.078,0.078,0.053,0.052,0.051
19:34:10,37.0,0.651,0.683,0.681,0.669,0.682,0.691,0.716,0.717,0.719,0.683,0.696,0.694,0.044,0.044,0.044,0.665,0.655,0.669,0.717,0.726,0.733,0.683,0.708,0.678,0.044,0.045,0.045,0.404,0.413,0.432,0.721,0.726,0.738,0.824,0.719,0.676,0.689,0.706,0.706,0.682,0.668,0.673,0.735,0.743,0.756,0.704,0.692,0.681,0.048,0.049,0.050,0.053,0.051,0.047,0.713,0.708,0.692,0.636,0.629,0.597,0.049,0.050,0.051,0.047,0.045,0.045,0.552,0.570,0.551,0.367,0.366,0.367,0.048,0.050,0.051,0.048,0.047,0.048,0.208,0.214,0.216,0.089,0.087,0.085,0.047,0.049,0.049,0.047,0.046,0.047,0.080,0.082,0.082,0.054,0.053,0.051
19:59:10,37.1,0.650,0.684,0.681,0.669,0.683,0.692,0.716,0.717,0.719,0.683,0.696,0.695,0.044,0.044,0.044,0.670,0.660,0.671,0.717,0.727,0.734,0.684,0.708,0.679,0.044,0.044,0.044,0.430,0.438,0.456,0.725,0.730,0.742,0.831,0.723,0.678,0.689,0.708,0.708,0.683,0.668,0.672,0.735,0.743,0.757,0.705,0.693,0.682,0.048,0.049,0.050,0.055,0.053,0.048,0.721,0.714,0.700,0.647,0.643,0.606,0.049,0.050,0.051,0.047,0.045,0.045,0.573,0.595,0.576,0.396,0.394,0.391,0.048,0.051,0.051,0.048,0.048,0.048,0.234,0.241,0.243,0.095,0.093,0.089,0.047,0.049,0.049,0.047,0.046,0.047,0.085,0.086,0.087,0.056,0.053,0.052
20:24:10,37.0,0.650,0.683,0.680,0.669,0.683,0.691,0.716,0.717,0.719,0.683,0.697,0.695,0.044,0.044,0.044,0.672,0.663,0.676,0.719,0.728,0.735,0.686,0.710,0.679,0.044,0.045,0.044,0.454,0.463,0.481,0.726,0.731,0.744,0.838,0.724,0.680,0.690,0.709,0.709,0.683,0.666,0.672,0.734,0.744,0.757,0.704,0.692,0.682,0.048,0.049,0.050,0.056,0.055,0.049,0.725,0.722,0.705,0.657,0.652,0.616,0.049,0.050,0.051,0.048,0.045,0.045,0.592,0.613,0.595,0.424,0.419,0.413,0.048,0.051,0.051,0.048,0.048,0.048,0.263,0.270,0.271,0.102,0.099,0.094,0.047,0.050,0.050,0.047,0.046,0.047,0.089,0.091,0.092,0.056,0.054,0.052
20:49:10,37.0,0.649,0.682,0.681,0.669,0.683,0.692,0.717,0.717,0.721,0.683,0.697,0.694,0.044,0.044,0.044,0.676,0.667,0.678,0.720,0.730,0.738,0.686,0.711,0.681,0.044,0.045,0.045,0.478,0.487,0.505,0.730,0.734,0.747,0.844,0.727,0.683,0.690,0.709,0.710,0.684,0.667,0.671,0.734,0.744,0.756,0.704,0.692,0.682,0.049,0.049,0.050,0.058,0.057,0.050,0.732,0.726,0.711,0.665,0.663,0.622,0.049,0.050,0.051,0.048,0.045,0.045,0.610,0.635,0.618,0.450,0.442,0.433,0.048,0.051,0.051,0.048,0.048,0.048,0.293,0.301,0.301,0.110,0.107,0.100,0.047,0.050,0.050,0.047,0.046,0.047,0.094,0.097,0.098,0.056,0.054,0.052
21:14:10,37.0,0.648,0.681,0.680,0.668,0.682,0.692,0.717,0.718,0.720,0.682,0.696,0.694,0.044,0.044,0.044,0.679,0.669,0.682,0.722,0.732,0.738,0.687,0.711,0.682,0.044,0.045,0.044,0.501,0.510,0.529,0.731,0.736,0.748,0.849,0.728,0.684,0.690,0.710,0.711,0.684,0.665,0.670,0.733,0.743,0.757,0.703,0.692,0.682,0.049,0.049,0.050,0.060,0.060,0.052,0.735,0.731,0.715,0.671,0.670,0.630,0.049,0.050,0.051,0.048,0.046,0.045,0.626,0.649,0.632,0.471,0.463,0.453,0.048,0.050,0.051,0.048,0.048,0.048,0.324,0.332,0.331,0.119,0.115,0.106,0.047,0.050,0.050,0.047,0.046,0.047,0.100,0.102,0.104,0.057,0.055,0.052
21:39:10,37.1,0.646,0.681,0.680,0.668,0.683,0.692,0.717,0.719,0.720,0.682,0.696,0.694,0.044,0.044,0.044,0.682,0.672,0.684,0.723,0.732,0.739,0.688,0.712,0.682,0.044,0.045,0.045,0.523,0.530,0.544,0.733,0.737,0.751,0.855,0.730,0.686,0.690,0.710,0.712,0.686,0.665,0.669,0.733,0.742,0.756,0.703,0.692,0.681,0.049,0.049,0.050,0.062,0.064,0.054,0.740,0.734,0.720,0.678,0.677,0.636,0.049,0.050,0.051,0.048,0.046,0.045,0.641,0.667,0.651,0.492,0.483,0.470,0.048,0.051,0.051,0.048,0.048,0.048,0.353,0.362,0.361,0.130,0.124,0.112,0.047,0.050,0.050,0.047,0.046,0.047,0.106,0.108,0.110,0.057,0.055,0.053
22:04:10,37.0,0.645,0.680,0.679,0.669,0.683,0.692,0.717,0.719,0.721,0.682,0.696,0.693,0.044,0.044,0.044,0.682,0.674,0.687,0.724,0.733,0.741,0.689,0.713,0.682,0.044,0.045,0.045,0.539,0.547,0.561,0.735,0.739,0.753,0.860,0.731,0.687,0.689,0.710,0.713,0.687,0.665,0.667,0.732,0.742,0.756,0.703,0.691,0.681,0.049,0.049,0.050,0.065,0.068,0.057,0.742,0.739,0.723,0.683,0.683,0.640,0.049,0.050,0.051,0.048,0.046,0.045,0.652,0.676,0.660,0.513,0.502,0.488,0.048,0.051,0.051,0.048,0.048,0.048,0.383,0.391,0.388,0.142,0.136,0.120,0.047,0.050,0.050,0.047,0.046,0.048,0.112,0.115,0.117,0.058,0.056,0.052
22:29:10,37.0,0.643,0.680,0.679,0.668,0.682,0.691,0.717,0.718,0.721,0.681,0.695,0.693,0.044,0.044,0.044,0.685,0.677,0.689,0.725,0.734,0.741,0.689,0.713,0.683,0.044,0.045,0.044,0.556,0.565,0.578,0.738,0.741,0.755,0.863,0.734,0.689,0.690,0.711,0.716,0.688,0.665,0.667,0.732,0.741,0.756,0.702,0.691,0.683,0.048,0.049,0.050,0.068,0.074,0.060,0.746,0.741,0.727,0.690,0.688,0.646,0.049,0.050,0.051,0.049,0.046,0.045,0.662,0.691,0.674,0.532,0.524,0.504,0.048,0.050,0.051,0.048,0.048,0.048,0.408,0.418,0.414,0.155,0.148,0.128,0.047,0.050,0.050,0.047,0.046,0.047,0.119,0.122,0.125,0.058,0.056,0.052
22:54:10,37.0,0.642,0.680,0.679,0.668,0.682,0.692,0.717,0.719,0.721,0.681,0.695,0.693,0.044,0.044,0.044,0.686,0.678,0.692,0.726,0.735,0.741,0.689,0.713,0.683,0.045,0.045,0.044,0.572,0.579,0.590,0.738,0.743,0.756,0.866,0.735,0.689,0.689,0.711,0.717,0.687,0.665,0.665,0.730,0.741,0.756,0.701,0.691,0.682,0.048,0.050,0.050,0.072,0.080,0.064,0.749,0.745,0.730,0.693,0.694,0.647,0.049,0.050,0.051,0.049,0.046,0.046,0.672,0.698,0.682,0.552,0.540,0.520,0.048,0.050,0.051,0.048,0.048,0.048,0.432,0.442,0.438,0.171,0.162,0.137,0.047,0.050,0.050,0.047,0.047,0.048,0.127,0.130,0.134,0.059,0.057,0.051
23:19:10,37.0,0.641,0.679,0.679,0.668,0.682,0.692,0.717,0.719,0.721,0.681,0.695,0.693,0.044,0.044,0.044,0.690,0.680,0.694,0.726,0.736,0.742,0.690,0.714,0.683,0.045,0.045,0.045,0.587,0.595,0.604,0.740,0.744,0.757,0.868,0.736,0.690,0.689,0.712,0.721,0.688,0.666,0.665,0.729,0.741,0.755,0.701,0.690,0.680,0.048,0.050,0.050,0.077,0.088,0.068,0.752,0.747,0.732,0.698,0.697,0.650,0.048,0.050,0.051,0.050,0.046,0.046,0.678,0.709,0.690,0.571,0.559,0.534,0.048,0.051,0.051,0.048,0.048,0.048,0.452,0.463,0.458,0.189,0.178,0.146,0.047,0.050,0.050,0.048,0.047,0.048,0.134,0.137,0.142,0.059,0.057,0.051
23:44:10,37.0,0.638,0.678,0.678,0.667,0.683,0.692,0.717,0.719,0.721,0.680,0.694,0.693,0.044,0.044,0.044,0.692,0.681,0.695,0.727,0.737,0.742,0.690,0.714,0.683,0.045,0.045,0.045,0.599,0.606,0.615,0.742,0.745,0.759,0.872,0.738,0.691,0.688,0.712,0.723,0.689,0.667,0.664,0.729,0.739,0.754,0.701,0.690,0.680,0.049,0.050,0.050,0.082,0.097,0.073,0.754,0.750,0.735,0.701,0.702,0.652,0.049,0.050,0.051,0.051,0.047,0.046,0.686,0.714,0.698,0.586,0.572,0.549,0.048,0.051,0.051,0.048,0.048,0.048,0.470,0.481,0.475,0.209,0.195,0.157,0.049,0.050,0.050,0.049,0.047,0.048,0.143,0.146,0.151,0.060,0.058,0.050
24:09:10,37.1,0.636,0.677,0.678,0.667,0.682,0.692,0.717,0.718,0.721,0.680,0.694,0.692,0.044,0.044,0.044,0.694,0.683,0.696,0.727,0.736,0.742,0.689,0.714,0.683,0.045,0.045,0.045,0.612,0.620,0.626,0.743,0.746,0.760,0.875,0.739,0.693,0.688,0.712,0.723,0.691,0.666,0.663,0.728,0.740,0.754,0.701,0.690,0.679,0.049,0.050,0.050,0.089,0.108,0.079,0.758,0.753,0.738,0.706,0.704,0.655,0.049,0.050,0.051,0.051,0.047,0.047,0.692,0.721,0.704,0.602,0.589,0.560,0.048,0.051,0.051,0.049,0.048,0.048,0.488,0.499,0.492,0.231,0.214,0.168,0.049,0.050,0.050,0.049,0.048,0.048,0.152,0.155,0.161,0.061,0.057,0.050
24:34:10,37.1,0.633,0.676,0.678,0.667,0.682,0.692,0.716,0.718,0.721,0.680,0.694,0.691,0.044,0.044,0.044,0.695,0.685,0.698,0.728,0.737,0.742,0.690,0.714,0.683,0.045,0.045,0.045,0.621,0.629,0.636,0.744,0.746,0.760,0.879,0.739,0.692,0.688,0.713,0.725,0.691,0.667,0.663,0.727,0.739,0.754,0.699,0.690,0.679,0.048,0.050,0.050,0.096,0.123,0.085,0.760,0.756,0.740,0.708,0.707,0.656,0.048,0.050,0.051,0.052,0.047,0.047,0.701,0.726,0.710,0.615,0.598,0.572,0.048,0.051,0.051,0.048,0.048,0.048,0.505,0.517,0.510,0.255,0.234,0.180,0.049,0.050,0.050,0.049,0.049,0.050,0.160,0.163,0.170,0.062,0.058,0.049
24:59:10,37.1,0.631,0.676,0.677,0.667,0.682,0.692,0.717,0.718,0.721,0.680,0.694,0.691,0.044,0.044,0.044,0.697,0.686,0.700,0.728,0.737,0.742,0.690,0.714,0.683,0.045,0.045,0.045,0.632,0.639,0.644,0.745,0.747,0.761,0.882,0.740,0.693,0.688,0.713,0.726,0.696,0.667,0.662,0.726,0.738,0.753,0.698,0.691,0.678,0.048,0.050,0.050,0.105,0.140,0.093,0.763,0.759,0.742,0.711,0.709,0.658,0.048,0.050,0.051,0.053,0.048,0.048,0.706,0.731,0.714,0.627,0.611,0.582,0.048,0.051,0.051,0.049,0.048,0.048,0.521,0.534,0.526,0.279,0.255,0.193,0.049,0.052,0.051,0.049,0.048,0.050,0.169,0.173,0.179,0.062,0.057,0.049
25:24:10,37.0,0.628,0.674,0.676,0.666,0.681,0.691,0.717,0.718,0.721,0.679,0.693,0.691,0.044,0.044,0.044,0.699,0.688,0.701,0.729,0.737,0.742,0.690,0.714,0.683,0.045,0.045,0.045,0.639,0.647,0.652,0.745,0.747,0.762,0.885,0.741,0.694,0.687,0.713,0.726,0.697,0.667,0.661,0.726,0.738,0.753,0.697,0.690,0.678,0.048,0.049,0.050,0.117,0.161,0.103,0.765,0.761,0.743,0.711,0.712,0.659,0.048,0.050,0.051,0.055,0.048,0.048,0.713,0.736,0.720,0.638,0.619,0.591,0.048,0.051,0.051,0.049,0.048,0.048,0.537,0.551,0.543,0.303,0.276,0.205,0.049,0.051,0.052,0.049,0.049,0.050,0.177,0.182,0.189,0.062,0.057,0.048
25:49:10,37.0,0.624,0.673,0.675,0.665,0.681,0.691,0.716,0.718,0.721,0.679,0.692,0.690,0.044,0.044,0.044,0.700,0.689,0.702,0.729,0.738,0.742,0.690,0.713,0.683,0.045,0.045,0.045,0.648,0.654,0.658,0.746,0.748,0.762,0.888,0.741,0.694,0.687,0.713,0.727,0.697,0.667,0.661,0.725,0.738,0.753,0.698,0.691,0.677,0.048,0.049,0.050,0.130,0.187,0.115,0.767,0.762,0.745,0.714,0.713,0.660,0.048,0.050,0.051,0.056,0.049,0.048,0.717,0.739,0.722,0.644,0.627,0.600,0.048,0.051,0.051,0.049,0.048,0.048,0.552,0.565,0.556,0.326,0.296,0.218,0.049,0.051,0.052,0.049,0.049,0.050,0.186,0.191,0.198,0.062,0.057,0.048
26:14:10,37.0,0.620,0.672,0.674,0.665,0.680,0.691,0.716,0.718,0.721,0.678,0.691,0.690,0.044,0.044,0.044,0.701,0.691,0.704,0.730,0.737,0.741,0.690,0.713,0.683,0.045,0.045,0.045,0.654,0.661,0.666,0.746,0.748,0.762,0.890,0.742,0.694,0.686,0.715,0.727,0.700,0.672,0.660,0.725,0.738,0.752,0.699,0.691,0.677,0.048,0.049,0.050,0.146,0.219,0.129,0.769,0.764,0.746,0.716,0.716,0.661,0.048,0.050,0.051,0.058,0.050,0.049,0.719,0.742,0.725,0.653,0.636,0.608,0.048,0.051,0.051,0.049,0.049,0.048,0.566,0.579,0.570,0.348,0.315,0.231,0.048,0.052,0.052,0.049,0.049,0.049,0.194,0.200,0.207,0.062,0.057,0.048
26:39:10,37.1,0.616,0.670,0.673,0.664,0.680,0.690,0.716,0.717,0.721,0.678,0.691,0.689,0.044,0.044,0.044,0.703,0.692,0.705,0.730,0.738,0.741,0.689,0.713,0.683,0.045,0.045,0.045,0.662,0.667,0.670,0.748,0.748,0.763,0.892,0.742,0.694,0.686,0.714,0.728,0.701,0.675,0.658,0.724,0.738,0.752,0.698,0.691,0.676,0.048,0.049,0.050,0.166,0.253,0.146,0.770,0.765,0.748,0.718,0.717,0.661,0.048,0.050,0.051,0.060,0.050,0.050,0.722,0.745,0.726,0.659,0.641,0.617,0.048,0.051,0.051,0.049,0.048,0.049,0.577,0.590,0.580,0.369,0.331,0.243,0.047,0.052,0.052,0.049,0.048,0.049,0.202,0.210,0.215,0.063,0.057,0.047
27:04:10,37.0,0.612,0.668,0.672,0.663,0.680,0.690,0.716,0.717,0.721,0.677,0.690,0.689,0.044,0.044,0.044,0.704,0.693,0.706,0.730,0.738,0.742,0.690,0.713,0.682,0.045,0.045,0.045,0.667,0.674,0.677,0.747,0.749,0.762,0.894,0.742,0.694,0.685,0.715,0.729,0.701,0.677,0.657,0.724,0.738,0.752,0.699,0.690,0.675,0.048,0.049,0.050,0.190,0.289,0.168,0.771,0.767,0.749,0.720,0.719,0.662,0.048,0.050,0.051,0.063,0.051,0.051,0.726,0.748,0.730,0.666,0.647,0.622,0.048,0.051,0.051,0.049,0.049,0.049,0.589,0.602,0.591,0.387,0.348,0.255,0.047,0.052,0.052,0.049,0.048,0.049,0.209,0.218,0.223,0.063,0.057,0.047
27:29:10,37.1,0.607,0.666,0.670,0.661,0.679,0.689,0.716,0.717,0.720,0.677,0.690,0.689,0.044,0.044,0.044,0.706,0.694,0.707,0.730,0.739,0.742,0.689,0.713,0.682,0.045,0.045,0.045,0.673,0.678,0.681,0.748,0.749,0.762,0.896,0.743,0.694,0.684,0.715,0.729,0.702,0.679,0.656,0.724,0.738,0.752,0.699,0.691,0.675,0.048,0.049,0.050,0.218,0.326,0.193,0.772,0.768,0.750,0.722,0.720,0.661,0.048,0.050,0.051,0.066,0.052,0.052,0.729,0.749,0.733,0.670,0.651,0.622,0.048,0.051,0.051,0.049,0.049,0.049,0.597,0.609,0.600,0.403,0.363,0.265,0.046,0.051,0.052,0.049,0.048,0.049,0.216,0.224,0.230,0.063,0.057,0.046
27:54:10,37.1,0.601,0.663,0.669,0.660,0.678,0.688,0.715,0.717,0.720,0.676,0.690,0.689,0.044,0.044,0.044,0.706,0.696,0.709,0.730,0.738,0.742,0.689,0.713,0.681,0.045,0.045,0.045,0.678,0.684,0.686,0.748,0.749,0.763,0.897,0.743,0.695,0.683,0.715,0.730,0.702,0.679,0.655,0.723,0.738,0.752,0.700,0.692,0.678,0.048,0.049,0.050,0.249,0.360,0.222,0.773,0.768,0.750,0.723,0.722,0.662,0.048,0.050,0.051,0.069,0.053,0.053,0.731,0.753,0.735,0.676,0.657,0.627,0.048,0.051,0.051,0.049,0.049,0.048,0.606,0.620,0.608,0.416,0.376,0.275,0.045,0.051,0.052,0.048,0.048,0.049,0.222,0.230,0.236,0.063,0.057,0.046
28:19:10,37.0,0.593,0.661,0.667,0.658,0.676,0.687,0.714,0.717,0.720,0.675,0.689,0.688,0.044,0.044,0.044,0.707,0.696,0.709,0.730,0.739,0.741,0.689,0.713,0.681,0.045,0.045,0.052,0.683,0.688,0.690,0.748,0.749,0.763,0.898,0.743,0.694,0.682,0.716,0.730,0.702,0.680,0.654,0.723,0.737,0.752,0.700,0.691,0.675,0.048,0.049,0.050,0.282,0.392,0.254,0.774,0.770,0.751,0.724,0.723,0.662,0.048,0.050,0.051,0.073,0.055,0.054,0.733,0.755,0.737,0.679,0.659,0.630,0.048,0.051,0.051,0.049,0.049,0.049,0.613,0.626,0.616,0.429,0.388,0.283,0.045,0.050,0.051,0.048,0.047,0.049,0.227,0.236,0.241,0.064,0.058,0.045
28:44:10,37.0,0.587,0.658,0.664,0.656,0.675,0.686,0.714,0.716,0.719,0.674,0.688,0.687,0.044,0.044,0.044,0.709,0.697,0.710,0.731,0.739,0.741,0.689,0.712,0.680,0.045,0.045,0.045,0.687,0.693,0.695,0.748,0.749,0.763,0.900,0.744,0.694,0.681,0.715,0.730,0.703,0.680,0.652,0.722,0.737,0.752,0.699,0.691,0.672,0.048,0.050,0.050,0.316,0.421,0.288,0.775,0.771,0.752,0.725,0.723,0.662,0.048,0.050,0.051,0.078,0.056,0.056,0.735,0.757,0.738,0.684,0.662,0.633,0.048,0.051,0.051,0.050,0.049,0.049,0.621,0.634,0.622,0.441,0.399,0.291,0.045,0.050,0.051,0.047,0.047,0.048,0.232,0.240,0.246,0.065,0.058,0.045
29:09:10,37.0,0.578,0.655,0.662,0.654,0.673,0.684,0.713,0.715,0.719,0.673,0.688,0.686,0.044,0.044,0.044,0.709,0.698,0.711,0.731,0.739,0.742,0.689,0.712,0.680,0.045,0.045,0.045,0.691,0.696,0.699,0.748,0.749,0.763,0.904,0.744,0.693,0.680,0.715,0.731,0.703,0.680,0.651,0.722,0.737,0.752,0.699,0.691,0.671,0.048,0.049,0.050,0.348,0.448,0.321,0.776,0.771,0.753,0.727,0.725,0.662,0.048,0.050,0.051,0.084,0.058,0.057,0.737,0.759,0.740,0.686,0.664,0.636,0.048,0.051,0.051,0.050,0.049,0.049,0.626,0.641,0.630,0.451,0.408,0.298,0.044,0.049,0.050,0.047,0.047,0.047,0.236,0.244,0.251,0.065,0.059,0.044
29:34:10,37.0,0.569,0.651,0.659,0.651,0.671,0.683,0.712,0.714,0.717,0.672,0.687,0.685,0.044,0.044,0.044,0.710,0.699,0.712,0.731,0.739,0.742,0.688,0.712,0.679,0.045,0.045,0.045,0.696,0.701,0.702,0.748,0.750,0.763,0.899,0.745,0.693,0.679,0.715,0.731,0.704,0.681,0.648,0.722,0.737,0.752,0.699,0.691,0.669,0.048,0.049,0.050,0.378,0.475,0.354,0.776,0.772,0.753,0.728,0.725,0.661,0.048,0.050,0.051,0.090,0.060,0.059,0.739,0.760,0.742,0.689,0.666,0.636,0.048,0.051,0.051,0.050,0.049,0.049,0.631,0.645,0.633,0.460,0.416,0.304,0.044,0.049,0.049,0.047,0.047,0.047,0.239,0.248,0.254,0.066,0.059,0.043
29:59:10,37.0,0.561,0.647,0.656,0.649,0.669,0.681,0.710,0.712,0.717,0.671,0.686,0.684,0.044,0.044,0.044,0.711,0.699,0.713,0.731,0.739,0.742,0.688,0.711,0.678,0.045,0.045,0.045,0.699,0.704,0.706,0.749,0.750,0.763,0.892,0.744,0.691,0.677,0.715,0.732,0.704,0.681,0.647,0.721,0.736,0.751,0.698,0.690,0.668,0.048,0.049,0.050,0.407,0.498,0.384,0.777,0.772,0.754,0.728,0.726,0.660,0.048,0.050,0.051,0.098,0.062,0.061,0.741,0.761,0.744,0.691,0.669,0.637,0.048,0.051,0.051,0.050,0.049,0.049,0.635,0.649,0.637,0.471,0.426,0.309,0.044,0.048,0.049,0.046,0.046,0.046,0.242,0.252,0.256,0.067,0.059,0.042
30:24:10,37.0,0.551,0.643,0.653,0.646,0.667,0.679,0.708,0.711,0.715,0.669,0.685,0.683,0.044,0.044,0.044,0.711,0.700,0.713,0.730,0.739,0.741,0.688,0.711,0.677,0.045,0.045,0.045,0.703,0.707,0.709,0.749,0.750,0.763,0.887,0.745,0.691,0.676,0.715,0.732,0.704,0.681,0.645,0.720,0.736,0.752,0.697,0.689,0.666,0.048,0.049,0.050,0.433,0.520,0.412,0.778,0.773,0.755,0.729,0.726,0.660,0.048,0.050,0.051,0.108,0.064,0.064,0.743,0.763,0.745,0.694,0.671,0.638,0.048,0.051,0.051,0.050,0.049,0.049,0.637,0.650,0.639,0.480,0.433,0.315,0.043,0.048,0.048,0.046,0.045,0.046,0.244,0.255,0.258,0.068,0.059,0.041

