0:24:10,37.0,0.037,0.037,0.037,0.038,0.038,0.038,0.039,0.037,0.038,0.038,0.039,0.037,0.043,0.042,0.042,0.043,0.041,0.041,0.041,0.042,0.043,0.043,0.043,0.043,0.185,0.043,0.042,0.043,0.043,0.041,0.042,0.041,0.043,0.043,0.043,0.043,0.043,0.043,0.043,0.042,0.042,0.042,0.041,0.044,0.041,0.043,0.043,0.043,0.044,0.042,0.041,0.043,0.041,0.042,0.041,0.041,0.041,0.041,0.041,0.042,0.044,0.043,0.043,0.041,0.042,0.041,0.042,0.041,0.042,0.040,0.042,0.042,0.043,0.042,0.042,0.041,0.042,0.041,0.041,0.043,0.042,0.041,0.042,0.042,0.038,0.039,0.038,0.038,0.037,0.037,0.038,0.039,0.046,0.038,0.037,0.037
0:49:10,37.0,0.037,0.037,0.037,0.038,0.038,0.038,0.039,0.037,0.038,0.038,0.039,0.037,0.044,0.042,0.042,0.043,0.041,0.042,0.042,0.042,0.043,0.044,0.043,0.043,0.193,0.044,0.043,0.043,0.044,0.042,0.042,0.041,0.043,0.043,0.043,0.044,0.044,0.044,0.043,0.043,0.042,0.042,0.042,0.044,0.041,0.043,0.044,0.044,0.046,0.043,0.042,0.044,0.042,0.042,0.041,0.041,0.041,0.041,0.041,0.043,0.045,0.044,0.044,0.042,0.043,0.042,0.043,0.042,0.043,0.041,0.042,0.043,0.044,0.044,0.043,0.042,0.043,0.042,0.042,0.044,0.042,0.042,0.042,0.043,0.038,0.039,0.038,0.038,0.037,0.037,0.038,0.039,0.038,0.038,0.038,0.037
1:14:10,37.0,0.037,0.037,0.037,0.038,0.038,0.039,0.037,0.037,0.038,0.038,0.039,0.037,0.046,0.044,0.043,0.044,0.042,0.042,0.042,0.043,0.043,0.044,0.044,0.044,0.193,0.045,0.044,0.043,0.044,0.042,0.042,0.042,0.044,0.043,0.044,0.044,0.046,0.045,0.045,0.044,0.043,0.043,0.042,0.045,0.041,0.043,0.044,0.044,0.049,0.044,0.043,0.045,0.043,0.043,0.042,0.042,0.042,0.041,0.041,0.043,0.046,0.045,0.046,0.043,0.044,0.043,0.043,0.043,0.043,0.041,0.043,0.045,0.046,0.045,0.045,0.043,0.044,0.043,0.043,0.045,0.043,0.042,0.042,0.044,0.038,0.039,0.038,0.038,0.037,0.037,0.038,0.039,0.038,0.038,0.037,0.037
1:39:10,37.1,0.037,0.037,0.037,0.038,0.038,0.039,0.037,0.037,0.038,0.038,0.039,0.037,0.048,0.045,0.044,0.045,0.043,0.043,0.043,0.043,0.044,0.044,0.044,0.044,0.193,0.046,0.045,0.044,0.045,0.043,0.043,0.042,0.044,0.044,0.044,0.045,0.048,0.047,0.047,0.046,0.044,0.044,0.043,0.046,0.042,0.044,0.044,0.046,0.051,0.046,0.044,0.046,0.044,0.044,0.043,0.042,0.042,0.041,0.042,0.044,0.049,0.047,0.047,0.045,0.046,0.044,0.044,0.044,0.044,0.042,0.043,0.047,0.049,0.047,0.046,0.044,0.046,0.044,0.044,0.046,0.043,0.043,0.042,0.046,0.038,0.039,0.038,0.038,0.037,0.037,0.038,0.039,0.038,0.038,0.037,0.037
2:04:10,37.0,0.037,0.037,0.037,0.038,0.038,0.039,0.037,0.037,0.038,0.038,0.039,0.037,0.050,0.047,0.045,0.046,0.043,0.044,0.043,0.044,0.044,0.045,0.044,0.045,0.190,0.048,0.046,0.045,0.046,0.043,0.043,0.043,0.044,0.044,0.044,0.046,0.051,0.050,0.049,0.047,0.046,0.045,0.044,0.046,0.042,0.044,0.044,0.047,0.054,0.048,0.046,0.048,0.045,0.045,0.043,0.043,0.042,0.042,0.042,0.045,0.051,0.049,0.049,0.046,0.048,0.046,0.046,0.045,0.045,0.042,0.043,0.049,0.051,0.049,0.048,0.045,0.047,0.046,0.045,0.047,0.044,0.043,0.043,0.047,0.038,0.039,0.038,0.038,0.037,0.037,0.038,0.039,0.038,0.038,0.037,0.037
2:29:10,37.0,0.037,0.037,0.037,0.038,0.038,0.038,0.037,0.037,0.038,0.038,0.039,0.037,0.053,0.048,0.047,0.047,0.044,0.044,0.044,0.044,0.044,0.045,0.044,0.046,0.189,0.050,0.047,0.046,0.047,0.044,0.044,0.043,0.044,0.044,0.044,0.047,0.054,0.052,0.051,0.049,0.047,0.046,0.045,0.047,0.042,0.044,0.045,0.048,0.058,0.049,0.047,0.049,0.046,0.045,0.044,0.044,0.042,0.042,0.042,0.046,0.054,0.052,0.052,0.048,0.050,0.047,0.047,0.046,0.046,0.042,0.044,0.051,0.054,0.051,0.050,0.047,0.049,0.047,0.047,0.048,0.045,0.043,0.043,0.049,0.038,0.039,0.038,0.038,0.037,0.037,0.038,0.039,0.037,0.038,0.037,0.037
2:54:10,37.0,0.037,0.037,0.037,0.038,0.038,0.039,0.037,0.037,0.038,0.038,0.039,0.037,0.056,0.050,0.048,0.049,0.045,0.045,0.044,0.045,0.045,0.045,0.045,0.047,0.191,0.052,0.048,0.047,0.048,0.044,0.045,0.043,0.045,0.044,0.045,0.048,0.058,0.055,0.053,0.050,0.049,0.047,0.045,0.048,0.043,0.045,0.045,0.049,0.064,0.052,0.049,0.051,0.047,0.046,0.045,0.044,0.043,0.042,0.042,0.047,0.059,0.056,0.055,0.050,0.052,0.049,0.048,0.047,0.047,0.043,0.044,0.053,0.059,0.054,0.052,0.049,0.051,0.049,0.048,0.050,0.046,0.044,0.043,0.051,0.038,0.039,0.038,0.038,0.037,0.037,0.038,0.039,0.038,0.038,0.037,0.037
3:19:10,37.0,0.037,0.037,0.037,0.038,0.038,0.038,0.037,0.037,0.038,0.038,0.039,0.037,0.060,0.053,0.049,0.050,0.046,0.046,0.045,0.045,0.045,0.045,0.045,0.048,0.192,0.054,0.050,0.049,0.049,0.045,0.045,0.044,0.045,0.044,0.045,0.048,0.064,0.059,0.056,0.053,0.050,0.048,0.046,0.049,0.043,0.045,0.045,0.051,0.070,0.054,0.051,0.053,0.049,0.047,0.046,0.045,0.043,0.042,0.042,0.048,0.064,0.060,0.058,0.053,0.055,0.051,0.050,0.049,0.048,0.043,0.044,0.056,0.064,0.058,0.056,0.051,0.054,0.051,0.050,0.052,0.047,0.044,0.043,0.052,0.038,0.039,0.038,0.038,0.037,0.037,0.038,0.039,0.038,0.038,0.037,0.037
3:44:10,37.0,0.037,0.037,0.037,0.038,0.038,0.039,0.037,0.037,0.038,0.038,0.039,0.037,0.066,0.056,0.051,0.051,0.047,0.047,0.045,0.046,0.046,0.046,0.045,0.049,0.194,0.057,0.051,0.050,0.050,0.046,0.046,0.044,0.045,0.045,0.045,0.049,0.070,0.064,0.059,0.055,0.052,0.049,0.047,0.050,0.043,0.045,0.046,0.052,0.078,0.058,0.053,0.056,0.050,0.049,0.047,0.046,0.044,0.043,0.043,0.049,0.071,0.065,0.063,0.056,0.058,0.054,0.051,0.050,0.049,0.044,0.045,0.059,0.070,0.062,0.059,0.054,0.057,0.054,0.052,0.054,0.048,0.045,0.044,0.056,0.038,0.039,0.038,0.038,0.036,0.037,0.038,0.039,0.038,0.038,0.037,0.037
4:09:10,37.0,0.037,0.037,0.037,0.038,0.038,0.039,0.037,0.037,0.038,0.038,0.039,0.037,0.074,0.059,0.052,0.053,0.048,0.048,0.046,0.047,0.046,0.046,0.046,0.050,0.197,0.061,0.053,0.051,0.051,0.047,0.047,0.045,0.046,0.045,0.045,0.050,0.079,0.070,0.063,0.058,0.054,0.050,0.048,0.051,0.044,0.046,0.046,0.054,0.088,0.062,0.056,0.058,0.052,0.050,0.048,0.047,0.044,0.043,0.043,0.051,0.080,0.072,0.069,0.060,0.062,0.057,0.054,0.052,0.050,0.044,0.045,0.062,0.079,0.068,0.064,0.058,0.060,0.056,0.055,0.056,0.049,0.045,0.044,0.059,0.038,0.039,0.038,0.038,0.037,0.037,0.038,0.039,0.038,0.038,0.037,0.037
4:34:10,37.0,0.037,0.037,0.037,0.038,0.038,0.038,0.037,0.037,0.038,0.038,0.039,0.037,0.086,0.063,0.054,0.054,0.049,0.049,0.047,0.047,0.046,0.046,0.046,0.051,0.208,0.065,0.056,0.052,0.052,0.048,0.048,0.046,0.046,0.045,0.046,0.051,0.090,0.078,0.068,0.061,0.056,0.052,0.049,0.052,0.044,0.046,0.046,0.056,0.098,0.068,0.059,0.062,0.054,0.051,0.049,0.048,0.044,0.043,0.043,0.052,0.091,0.080,0.076,0.066,0.067,0.060,0.057,0.055,0.051,0.045,0.045,0.066,0.089,0.075,0.070,0.062,0.065,0.060,0.057,0.059,0.050,0.046,0.044,0.062,0.038,0.039,0.038,0.038,0.037,0.037,0.038,0.039,0.038,0.038,0.037,0.037
4:59:10,37.1,0.037,0.037,0.037,0.037,0.038,0.038,0.037,0.037,0.038,0.038,0.039,0.037,0.102,0.068,0.056,0.056,0.050,0.050,0.048,0.048,0.047,0.046,0.046,0.051,0.223,0.070,0.058,0.054,0.054,0.049,0.048,0.046,0.046,0.045,0.046,0.052,0.105,0.087,0.073,0.065,0.059,0.053,0.050,0.053,0.044,0.046,0.046,0.057,0.109,0.074,0.064,0.066,0.056,0.053,0.050,0.048,0.044,0.043,0.043,0.054,0.106,0.091,0.085,0.072,0.074,0.065,0.060,0.057,0.052,0.045,0.046,0.071,0.102,0.085,0.077,0.068,0.071,0.064,0.061,0.062,0.051,0.046,0.044,0.066,0.038,0.039,0.038,0.038,0.036,0.037,0.038,0.039,0.038,0.038,0.037,0.037
5:24:10,37.0,0.037,0.037,0.037,0.038,0.038,0.038,0.037,0.037,0.038,0.038,0.039,0.037,0.115,0.073,0.059,0.059,0.051,0.051,0.048,0.049,0.047,0.047,0.046,0.053,0.221,0.076,0.061,0.056,0.055,0.050,0.049,0.047,0.047,0.046,0.046,0.053,0.126,0.099,0.081,0.070,0.062,0.055,0.051,0.054,0.045,0.047,0.047,0.060,0.120,0.083,0.070,0.071,0.059,0.054,0.052,0.049,0.045,0.044,0.043,0.056,0.124,0.106,0.097,0.080,0.082,0.071,0.065,0.060,0.054,0.046,0.046,0.077,0.118,0.097,0.086,0.076,0.078,0.069,0.064,0.065,0.053,0.047,0.045,0.071,0.038,0.039,0.038,0.038,0.037,0.037,0.038,0.039,0.038,0.038,0.037,0.037
5:49:10,37.0,0.037,0.037,0.037,0.038,0.038,0.038,0.037,0.037,0.038,0.038,0.039,0.037,0.128,0.080,0.063,0.061,0.052,0.052,0.049,0.050,0.047,0.047,0.046,0.054,0.227,0.084,0.065,0.058,0.057,0.051,0.050,0.047,0.047,0.046,0.046,0.054,0.146,0.114,0.089,0.075,0.066,0.057,0.052,0.055,0.045,0.047,0.047,0.062,0.135,0.095,0.078,0.079,0.063,0.056,0.053,0.050,0.045,0.044,0.043,0.058,0.146,0.123,0.111,0.090,0.092,0.079,0.072,0.065,0.056,0.046,0.046,0.085,0.139,0.111,0.099,0.087,0.086,0.075,0.069,0.069,0.054,0.047,0.045,0.078,0.038,0.039,0.038,0.038,0.036,0.037,0.038,0.039,0.037,0.038,0.037,0.037
6:14:10,37.0,0.037,0.037,0.037,0.038,0.038,0.039,0.037,0.037,0.038,0.038,0.039,0.037,0.161,0.089,0.066,0.064,0.054,0.053,0.050,0.050,0.048,0.048,0.046,0.055,0.245,0.093,0.069,0.061,0.058,0.052,0.051,0.048,0.047,0.046,0.046,0.055,0.168,0.132,0.100,0.083,0.070,0.059,0.053,0.056,0.046,0.047,0.047,0.064,0.157,0.109,0.090,0.088,0.067,0.058,0.054,0.051,0.046,0.044,0.044,0.060,0.173,0.147,0.128,0.104,0.107,0.090,0.081,0.070,0.057,0.046,0.047,0.092,0.168,0.130,0.114,0.099,0.095,0.083,0.075,0.073,0.056,0.047,0.045,0.086,0.038,0.039,0.038,0.038,0.037,0.037,0.038,0.039,0.037,0.038,0.037,0.037
6:39:10,37.0,0.037,0.037,0.037,0.037,0.038,0.039,0.037,0.037,0.038,0.038,0.039,0.037,0.190,0.100,0.070,0.068,0.055,0.054,0.051,0.051,0.048,0.048,0.047,0.057,0.273,0.104,0.074,0.064,0.060,0.053,0.052,0.049,0.048,0.046,0.046,0.056,0.196,0.153,0.113,0.091,0.076,0.062,0.054,0.057,0.046,0.048,0.047,0.067,0.184,0.125,0.103,0.096,0.073,0.061,0.056,0.052,0.046,0.044,0.044,0.063,0.205,0.171,0.149,0.118,0.123,0.101,0.088,0.075,0.059,0.047,0.047,0.104,0.203,0.151,0.129,0.123,0.117,0.092,0.083,0.078,0.058,0.048,0.045,0.096,0.038,0.039,0.038,0.038,0.037,0.037,0.038,0.039,0.037,0.038,0.037,0.037
7:04:10,37.0,0.037,0.037,0.037,0.038,0.038,0.038,0.037,0.037,0.038,0.038,0.039,0.037,0.228,0.112,0.075,0.072,0.057,0.055,0.051,0.051,0.049,0.048,0.047,0.057,0.310,0.118,0.080,0.067,0.062,0.055,0.052,0.049,0.048,0.047,0.046,0.058,0.242,0.177,0.128,0.101,0.082,0.064,0.056,0.059,0.046,0.048,0.048,0.071,0.239,0.139,0.114,0.104,0.080,0.064,0.057,0.053,0.046,0.044,0.044,0.067,0.251,0.191,0.172,0.132,0.138,0.112,0.094,0.083,0.061,0.047,0.047,0.117,0.242,0.173,0.146,0.145,0.132,0.107,0.093,0.085,0.062,0.048,0.046,0.110,0.038,0.039,0.038,0.038,0.037,0.037,0.038,0.039,0.038,0.038,0.037,0.037
7:29:10,37.0,0.037,0.037,0.037,0.038,0.038,0.038,0.037,0.037,0.038,0.038,0.039,0.037,0.271,0.135,0.082,0.075,0.060,0.057,0.052,0.052,0.049,0.048,0.047,0.059,0.344,0.135,0.088,0.071,0.065,0.056,0.053,0.050,0.049,0.047,0.047,0.059,0.287,0.206,0.144,0.112,0.089,0.067,0.057,0.060,0.047,0.048,0.047,0.075,0.282,0.159,0.124,0.113,0.088,0.068,0.059,0.054,0.047,0.045,0.044,0.071,0.293,0.216,0.194,0.147,0.157,0.128,0.102,0.090,0.063,0.048,0.048,0.135,0.284,0.225,0.167,0.175,0.161,0.125,0.105,0.094,0.061,0.049,0.046,0.126,0.038,0.039,0.038,0.038,0.037,0.037,0.038,0.039,0.038,0.038,0.037,0.037
7:54:10,37.1,0.037,0.037,0.037,0.038,0.038,0.038,0.037,0.037,0.038,0.038,0.039,0.037,0.312,0.159,0.090,0.080,0.062,0.058,0.053,0.053,0.049,0.049,0.047,0.060,0.382,0.155,0.097,0.076,0.068,0.057,0.054,0.051,0.049,0.047,0.047,0.060,0.334,0.291,0.164,0.126,0.098,0.071,0.059,0.061,0.047,0.048,0.048,0.080,0.326,0.355,0.134,0.122,0.095,0.072,0.061,0.056,0.048,0.045,0.045,0.076,0.335,0.384,0.239,0.172,0.183,0.159,0.114,0.100,0.065,0.048,0.048,0.155,0.325,0.267,0.225,0.220,0.196,0.157,0.121,0.105,0.063,0.050,0.047,0.146,0.038,0.039,0.038,0.038,0.037,0.037,0.038,0.039,0.038,0.038,0.037,0.037
8:19:10,37.1,0.037,0.037,0.037,0.038,0.038,0.038,0.037,0.037,0.038,0.038,0.039,0.037,0.354,0.189,0.100,0.086,0.065,0.060,0.054,0.053,0.050,0.049,0.047,0.062,0.414,0.269,0.109,0.082,0.071,0.059,0.055,0.051,0.049,0.048,0.047,0.062,0.373,0.284,0.188,0.141,0.108,0.076,0.061,0.063,0.048,0.049,0.048,0.086,0.363,0.240,0.149,0.132,0.103,0.077,0.063,0.057,0.048,0.045,0.044,0.082,0.375,0.309,0.285,0.228,0.230,0.202,0.179,0.114,0.068,0.049,0.048,0.181,0.364,0.311,0.263,0.261,0.232,0.185,0.138,0.119,0.067,0.051,0.047,0.171,0.038,0.039,0.038,0.038,0.037,0.037,0.038,0.039,0.038,0.038,0.037,0.037
8:44:10,37.0,0.037,0.037,0.037,0.038,0.038,0.039,0.037,0.037,0.038,0.038,0.039,0.037,0.391,0.225,0.119,0.093,0.069,0.062,0.055,0.054,0.050,0.049,0.048,0.064,0.447,0.232,0.120,0.089,0.075,0.060,0.056,0.052,0.050,0.047,0.047,0.064,0.412,0.328,0.211,0.157,0.119,0.081,0.063,0.065,0.048,0.049,0.048,0.093,0.397,0.287,0.166,0.143,0.113,0.082,0.065,0.058,0.049,0.045,0.044,0.090,0.413,0.363,0.328,0.274,0.271,0.240,0.172,0.137,0.072,0.049,0.048,0.214,0.398,0.348,0.305,0.304,0.272,0.219,0.161,0.134,0.071,0.051,0.047,0.201,0.038,0.039,0.038,0.038,0.037,0.037,0.038,0.039,0.038,0.038,0.037,0.037
9:09:10,37.0,0.037,0.037,0.037,0.037,0.038,0.039,0.037,0.037,0.038,0.038,0.039,0.038,0.421,0.268,0.140,0.102,0.087,0.063,0.055,0.055,0.050,0.049,0.048,0.067,0.471,0.275,0.134,0.096,0.079,0.062,0.057,0.052,0.050,0.048,0.047,0.066,0.444,0.371,0.263,0.175,0.131,0.088,0.066,0.067,0.048,0.049,0.048,0.101,0.436,0.337,0.185,0.156,0.122,0.086,0.067,0.059,0.049,0.045,0.045,0.098,0.445,0.392,0.366,0.320,0.312,0.279,0.209,0.167,0.076,0.050,0.049,0.251,0.428,0.380,0.344,0.334,0.311,0.257,0.189,0.154,0.074,0.052,0.047,0.237,0.038,0.039,0.038,0.038,0.037,0.037,0.038,0.039,0.038,0.038,0.037,0.037
9:34:10,37.1,0.037,0.037,0.037,0.038,0.038,0.038,0.037,0.037,0.038,0.038,0.039,0.037,0.449,0.309,0.162,0.116,0.086,0.065,0.056,0.055,0.051,0.050,0.047,0.069,0.491,0.313,0.166,0.105,0.084,0.064,0.058,0.053,0.050,0.048,0.047,0.069,0.471,0.400,0.305,0.211,0.146,0.094,0.069,0.069,0.049,0.049,0.048,0.111,0.460,0.376,0.238,0.173,0.134,0.091,0.069,0.061,0.049,0.045,0.044,0.108,0.468,0.419,0.394,0.369,0.349,0.315,0.244,0.196,0.080,0.051,0.049,0.290,0.453,0.408,0.389,0.376,0.344,0.295,0.218,0.177,0.079,0.052,0.047,0.276,0.038,0.039,0.038,0.038,0.036,0.037,0.038,0.039,0.038,0.038,0.037,0.037
9:59:10,37.1,0.037,0.037,0.037,0.038,0.038,0.038,0.037,0.037,0.038,0.038,0.039,0.037,0.472,0.345,0.190,0.131,0.089,0.066,0.057,0.055,0.051,0.050,0.048,0.072,0.508,0.347,0.209,0.124,0.090,0.065,0.058,0.053,0.051,0.048,0.048,0.072,0.494,0.425,0.348,0.258,0.179,0.100,0.071,0.071,0.049,0.049,0.048,0.122,0.486,0.411,0.294,0.198,0.148,0.097,0.072,0.062,0.050,0.046,0.045,0.120,0.488,0.444,0.419,0.393,0.376,0.352,0.279,0.229,0.085,0.051,0.050,0.328,0.474,0.434,0.418,0.400,0.374,0.329,0.252,0.205,0.084,0.053,0.048,0.312,0.038,0.039,0.038,0.038,0.037,0.037,0.038,0.039,0.038,0.038,0.037,0.037
10:24:10,37.1,0.037,0.037,0.037,0.038,0.038,0.039,0.037,0.037,0.038,0.038,0.039,0.037,0.494,0.379,0.224,0.148,0.099,0.068,0.057,0.056,0.051,0.050,0.048,0.075,0.521,0.377,0.208,0.141,0.099,0.068,0.059,0.054,0.051,0.048,0.048,0.075,0.513,0.449,0.375,0.309,0.214,0.108,0.075,0.074,0.050,0.050,0.048,0.136,0.507,0.438,0.345,0.259,0.191,0.105,0.075,0.063,0.050,0.046,0.045,0.133,0.508,0.467,0.442,0.419,0.399,0.381,0.313,0.268,0.091,0.052,0.050,0.360,0.495,0.457,0.441,0.423,0.400,0.359,0.287,0.235,0.089,0.054,0.048,0.345,0.038,0.039,0.038,0.038,0.037,0.037,0.038,0.039,0.038,0.038,0.037,0.037
10:49:10,37.0,0.037,0.037,0.037,0.038,0.038,0.039,0.037,0.037,0.038,0.038,0.039,0.037,0.514,0.409,0.260,0.171,0.106,0.071,0.058,0.057,0.051,0.050,0.048,0.079,0.536,0.404,0.264,0.160,0.108,0.070,0.060,0.054,0.051,0.048,0.047,0.079,0.529,0.471,0.399,0.347,0.248,0.119,0.078,0.076,0.050,0.050,0.048,0.153,0.525,0.463,0.377,0.321,0.229,0.130,0.078,0.065,0.050,0.046,0.045,0.150,0.525,0.486,0.462,0.443,0.420,0.405,0.340,0.296,0.099,0.053,0.050,0.386,0.514,0.477,0.461,0.445,0.423,0.385,0.319,0.269,0.096,0.055,0.048,0.373,0.038,0.039,0.038,0.038,0.037,0.037,0.038,0.039,0.038,0.038,0.037,0.037
11:14:10,37.1,0.037,0.037,0.037,0.038,0.038,0.038,0.037,0.037,0.038,0.038,0.039,0.037,0.531,0.433,0.294,0.193,0.115,0.073,0.058,0.057,0.052,0.050,0.048,0.083,0.550,0.429,0.303,0.184,0.118,0.075,0.060,0.055,0.051,0.048,0.047,0.083,0.542,0.490,0.421,0.368,0.289,0.145,0.081,0.079,0.050,0.050,0.048,0.172,0.539,0.485,0.403,0.350,0.269,0.159,0.083,0.066,0.050,0.046,0.045,0.171,0.541,0.501,0.480,0.464,0.440,0.426,0.366,0.333,0.107,0.054,0.050,0.410,0.529,0.495,0.479,0.465,0.443,0.406,0.347,0.299,0.104,0.055,0.048,0.397,0.038,0.039,0.038,0.038,0.036,0.037,0.038,0.039,0.037,0.038,0.037,0.037
11:39:10,37.0,0.037,0.037,0.037,0.038,0.038,0.039,0.037,0.037,0.038,0.038,0.039,0.037,0.545,0.457,0.337,0.227,0.127,0.079,0.060,0.058,0.052,0.050,0.048,0.088,0.563,0.450,0.342,0.216,0.132,0.078,0.061,0.055,0.051,0.049,0.047,0.088,0.554,0.507,0.442,0.390,0.323,0.176,0.085,0.079,0.050,0.050,0.048,0.196,0.552,0.505,0.425,0.373,0.308,0.182,0.089,0.068,0.051,0.046,0.045,0.195,0.557,0.518,0.496,0.483,0.458,0.445,0.385,0.355,0.117,0.054,0.050,0.430,0.544,0.510,0.497,0.481,0.460,0.426,0.370,0.331,0.113,0.057,0.049,0.418,0.038,0.039,0.038,0.038,0.036,0.037,0.038,0.039,0.037,0.038,0.037,0.037
12:04:10,37.1,0.037,0.037,0.037,0.038,0.038,0.038,0.037,0.037,0.038,0.038,0.039,0.037,0.559,0.478,0.370,0.264,0.143,0.081,0.061,0.058,0.052,0.050,0.048,0.093,0.572,0.468,0.373,0.251,0.143,0.083,0.061,0.056,0.052,0.049,0.047,0.093,0.573,0.523,0.462,0.410,0.347,0.206,0.091,0.080,0.050,0.050,0.049,0.225,0.568,0.522,0.447,0.393,0.326,0.212,0.095,0.071,0.051,0.046,0.046,0.224,0.569,0.532,0.511,0.500,0.474,0.463,0.403,0.376,0.127,0.055,0.050,0.447,0.558,0.525,0.513,0.496,0.474,0.442,0.391,0.355,0.124,0.056,0.048,0.437,0.038,0.039,0.038,0.038,0.036,0.037,0.038,0.039,0.037,0.038,0.037,0.037
12:29:10,37.1,0.037,0.037,0.037,0.038,0.038,0.038,0.037,0.037,0.038,0.038,0.039,0.037,0.573,0.498,0.387,0.300,0.165,0.085,0.060,0.057,0.053,0.051,0.048,0.100,0.580,0.486,0.399,0.289,0.160,0.087,0.063,0.056,0.052,0.049,0.048,0.100,0.582,0.537,0.479,0.428,0.367,0.237,0.106,0.082,0.051,0.050,0.049,0.257,0.579,0.534,0.466,0.412,0.344,0.238,0.102,0.074,0.051,0.047,0.046,0.256,0.583,0.548,0.525,0.515,0.490,0.479,0.420,0.394,0.140,0.056,0.051,0.464,0.571,0.538,0.527,0.509,0.489,0.456,0.408,0.378,0.136,0.057,0.048,0.453,0.038,0.039,0.038,0.038,0.037,0.037,0.038,0.039,0.038,0.038,0.037,0.037
12:54:10,37.1,0.037,0.037,0.037,0.038,0.038,0.039,0.037,0.037,0.038,0.038,0.039,0.037,0.584,0.515,0.406,0.332,0.177,0.089,0.061,0.057,0.053,0.051,0.048,0.107,0.588,0.501,0.422,0.317,0.180,0.092,0.064,0.056,0.052,0.048,0.048,0.108,0.594,0.552,0.497,0.446,0.384,0.272,0.117,0.084,0.051,0.051,0.049,0.290,0.588,0.548,0.484,0.429,0.361,0.273,0.110,0.078,0.051,0.046,0.046,0.288,0.595,0.560,0.538,0.528,0.505,0.493,0.436,0.412,0.156,0.057,0.051,0.479,0.583,0.550,0.541,0.521,0.502,0.470,0.423,0.395,0.152,0.058,0.048,0.467,0.038,0.039,0.038,0.038,0.037,0.037,0.038,0.039,0.037,0.038,0.037,0.037
13:19:10,37.0,0.037,0.037,0.037,0.038,0.038,0.039,0.037,0.037,0.038,0.038,0.039,0.037,0.595,0.530,0.425,0.362,0.199,0.094,0.063,0.058,0.053,0.051,0.048,0.116,0.596,0.516,0.443,0.350,0.203,0.097,0.065,0.055,0.052,0.048,0.048,0.117,0.605,0.570,0.512,0.460,0.397,0.307,0.129,0.087,0.051,0.051,0.049,0.322,0.599,0.560,0.498,0.446,0.375,0.301,0.119,0.082,0.052,0.047,0.046,0.319,0.605,0.570,0.549,0.536,0.517,0.508,0.452,0.427,0.174,0.058,0.051,0.493,0.593,0.558,0.551,0.532,0.514,0.483,0.438,0.412,0.168,0.059,0.049,0.481,0.038,0.039,0.038,0.038,0.037,0.037,0.038,0.039,0.038,0.038,0.037,0.037
13:44:10,37.1,0.037,0.037,0.037,0.038,0.038,0.038,0.037,0.037,0.038,0.038,0.039,0.037,0.605,0.541,0.444,0.389,0.224,0.100,0.064,0.058,0.053,0.051,0.048,0.126,0.605,0.526,0.461,0.374,0.231,0.104,0.066,0.057,0.052,0.049,0.048,0.127,0.615,0.570,0.526,0.475,0.413,0.332,0.141,0.091,0.051,0.051,0.049,0.350,0.610,0.570,0.511,0.460,0.389,0.329,0.130,0.086,0.052,0.047,0.046,0.346,0.615,0.580,0.569,0.546,0.529,0.520,0.465,0.442,0.196,0.059,0.051,0.506,0.603,0.568,0.560,0.543,0.525,0.495,0.451,0.426,0.188,0.060,0.048,0.494,0.038,0.039,0.038,0.038,0.037,0.037,0.038,0.039,0.038,0.038,0.037,0.037
14:09:10,37.0,0.037,0.037,0.037,0.038,0.038,0.038,0.037,0.037,0.038,0.038,0.039,0.037,0.614,0.551,0.461,0.408,0.252,0.107,0.065,0.060,0.053,0.051,0.048,0.138,0.613,0.538,0.477,0.395,0.262,0.111,0.066,0.057,0.053,0.049,0.048,0.139,0.624,0.579,0.540,0.490,0.428,0.352,0.155,0.100,0.051,0.051,0.049,0.370,0.618,0.578,0.523,0.475,0.404,0.349,0.142,0.090,0.052,0.047,0.046,0.365,0.624,0.589,0.569,0.555,0.540,0.532,0.477,0.455,0.219,0.060,0.051,0.518,0.612,0.578,0.567,0.552,0.535,0.506,0.463,0.441,0.210,0.061,0.049,0.506,0.038,0.039,0.038,0.038,0.036,0.037,0.038,0.039,0.037,0.038,0.037,0.037
14:34:10,37.0,0.037,0.037,0.037,0.038,0.038,0.038,0.037,0.037,0.038,0.038,0.039,0.037,0.622,0.561,0.475,0.427,0.283,0.114,0.067,0.061,0.053,0.051,0.049,0.152,0.621,0.555,0.492,0.415,0.298,0.119,0.068,0.057,0.053,0.049,0.048,0.153,0.632,0.585,0.551,0.505,0.443,0.367,0.173,0.108,0.051,0.051,0.049,0.387,0.626,0.585,0.534,0.490,0.418,0.369,0.157,0.096,0.052,0.047,0.046,0.382,0.632,0.597,0.577,0.563,0.550,0.543,0.488,0.466,0.245,0.061,0.051,0.529,0.619,0.586,0.576,0.561,0.546,0.516,0.475,0.454,0.231,0.063,0.049,0.517,0.038,0.039,0.038,0.038,0.037,0.037,0.038,0.039,0.037,0.038,0.037,0.037
14:59:10,37.0,0.037,0.037,0.037,0.038,0.038,0.038,0.037,0.037,0.038,0.038,0.039,0.037,0.629,0.571,0.487,0.445,0.323,0.122,0.069,0.062,0.054,0.051,0.049,0.168,0.628,0.557,0.505,0.432,0.330,0.129,0.069,0.058,0.053,0.049,0.049,0.170,0.640,0.591,0.563,0.517,0.456,0.381,0.192,0.115,0.052,0.051,0.049,0.403,0.633,0.590,0.543,0.503,0.431,0.383,0.175,0.102,0.052,0.047,0.046,0.397,0.639,0.606,0.584,0.573,0.559,0.553,0.497,0.477,0.271,0.063,0.051,0.540,0.625,0.593,0.583,0.569,0.554,0.526,0.487,0.466,0.256,0.065,0.049,0.527,0.038,0.039,0.038,0.038,0.037,0.037,0.038,0.039,0.038,0.038,0.037,0.037
15:24:10,37.0,0.037,0.037,0.037,0.038,0.038,0.038,0.037,0.037,0.038,0.038,0.039,0.037,0.636,0.579,0.499,0.458,0.346,0.133,0.071,0.061,0.053,0.051,0.049,0.187,0.635,0.563,0.520,0.449,0.352,0.140,0.069,0.058,0.053,0.049,0.049,0.189,0.646,0.597,0.566,0.528,0.470,0.395,0.214,0.123,0.051,0.051,0.049,0.417,0.640,0.595,0.552,0.513,0.443,0.396,0.195,0.109,0.052,0.047,0.046,0.411,0.645,0.611,0.591,0.578,0.567,0.562,0.507,0.488,0.298,0.065,0.052,0.549,0.631,0.600,0.590,0.577,0.563,0.535,0.497,0.477,0.281,0.067,0.050,0.537,0.038,0.039,0.038,0.038,0.037,0.037,0.038,0.039,0.037,0.038,0.037,0.037
15:49:10,37.1,0.037,0.037,0.037,0.037,0.038,0.038,0.037,0.037,0.038,0.038,0.039,0.037,0.641,0.585,0.510,0.472,0.360,0.143,0.071,0.061,0.053,0.051,0.049,0.209,0.639,0.571,0.526,0.464,0.371,0.154,0.070,0.059,0.052,0.049,0.049,0.211,0.652,0.601,0.573,0.537,0.482,0.408,0.240,0.130,0.052,0.051,0.049,0.432,0.645,0.599,0.560,0.523,0.454,0.409,0.218,0.118,0.052,0.048,0.046,0.425,0.649,0.618,0.597,0.584,0.575,0.569,0.518,0.500,0.324,0.067,0.052,0.557,0.634,0.607,0.596,0.583,0.569,0.542,0.508,0.490,0.311,0.068,0.050,0.546,0.038,0.039,0.038,0.038,0.036,0.037,0.038,0.039,0.037,0.038,0.037,0.037
16:14:10,37.0,0.037,0.037,0.037,0.038,0.038,0.038,0.037,0.037,0.038,0.038,0.039,0.037,0.645,0.592,0.521,0.484,0.376,0.155,0.073,0.062,0.054,0.051,0.049,0.234,0.644,0.577,0.535,0.479,0.383,0.170,0.073,0.060,0.053,0.049,0.049,0.236,0.656,0.606,0.580,0.546,0.494,0.421,0.269,0.140,0.052,0.051,0.050,0.445,0.650,0.605,0.568,0.532,0.466,0.422,0.245,0.127,0.053,0.048,0.047,0.439,0.654,0.624,0.604,0.590,0.581,0.573,0.527,0.510,0.342,0.069,0.052,0.566,0.639,0.612,0.601,0.589,0.576,0.550,0.517,0.500,0.328,0.070,0.050,0.554,0.038,0.039,0.038,0.038,0.037,0.037,0.038,0.039,0.038,0.038,0.037,0.037
16:39:10,37.1,0.037,0.037,0.037,0.038,0.038,0.038,0.037,0.037,0.038,0.038,0.039,0.037,0.648,0.597,0.530,0.497,0.389,0.170,0.075,0.063,0.054,0.051,0.049,0.261,0.647,0.585,0.542,0.493,0.396,0.188,0.075,0.060,0.053,0.049,0.049,0.263,0.660,0.610,0.585,0.553,0.505,0.433,0.295,0.151,0.052,0.051,0.049,0.458,0.654,0.609,0.573,0.540,0.476,0.434,0.272,0.138,0.053,0.048,0.047,0.452,0.656,0.629,0.614,0.595,0.588,0.579,0.535,0.520,0.359,0.071,0.052,0.574,0.641,0.616,0.607,0.594,0.582,0.557,0.526,0.510,0.345,0.073,0.050,0.561,0.038,0.039,0.038,0.038,0.036,0.037,0.038,0.039,0.037,0.038,0.037,0.037
17:04:10,37.1,0.037,0.037,0.037,0.038,0.038,0.039,0.037,0.037,0.038,0.038,0.039,0.037,0.652,0.602,0.538,0.508,0.399,0.187,0.076,0.063,0.053,0.051,0.049,0.288,0.650,0.588,0.553,0.505,0.406,0.209,0.077,0.061,0.053,0.049,0.049,0.291,0.664,0.613,0.590,0.559,0.515,0.446,0.317,0.165,0.052,0.051,0.050,0.470,0.658,0.614,0.575,0.546,0.486,0.443,0.297,0.149,0.053,0.047,0.047,0.464,0.659,0.633,0.613,0.599,0.591,0.585,0.544,0.528,0.371,0.074,0.052,0.580,0.644,0.620,0.612,0.601,0.587,0.562,0.534,0.517,0.357,0.075,0.050,0.567,0.038,0.039,0.038,0.038,0.036,0.037,0.038,0.039,0.038,0.038,0.038,0.037
17:29:10,37.0,0.037,0.037,0.037,0.037,0.038,0.038,0.037,0.037,0.038,0.038,0.039,0.037,0.654,0.606,0.545,0.517,0.411,0.208,0.078,0.063,0.054,0.051,0.049,0.315,0.652,0.593,0.556,0.516,0.418,0.233,0.079,0.061,0.053,0.050,0.049,0.318,0.666,0.617,0.594,0.564,0.525,0.457,0.334,0.180,0.052,0.051,0.049,0.481,0.661,0.618,0.580,0.552,0.495,0.455,0.316,0.163,0.054,0.048,0.046,0.475,0.661,0.636,0.625,0.603,0.596,0.589,0.551,0.536,0.381,0.077,0.052,0.586,0.645,0.623,0.616,0.603,0.592,0.568,0.542,0.526,0.369,0.077,0.050,0.573,0.038,0.039,0.038,0.038,0.036,0.037,0.038,0.039,0.037,0.038,0.038,0.037
17:54:10,37.0,0.037,0.037,0.037,0.037,0.038,0.038,0.037,0.037,0.038,0.038,0.039,0.037,0.656,0.610,0.551,0.527,0.422,0.232,0.080,0.065,0.054,0.051,0.049,0.341,0.654,0.596,0.569,0.525,0.430,0.259,0.081,0.062,0.053,0.049,0.049,0.339,0.669,0.620,0.598,0.568,0.532,0.468,0.345,0.197,0.052,0.051,0.049,0.492,0.663,0.623,0.583,0.556,0.503,0.466,0.331,0.174,0.054,0.047,0.046,0.485,0.662,0.640,0.621,0.607,0.605,0.594,0.557,0.543,0.393,0.080,0.053,0.592,0.646,0.626,0.621,0.606,0.596,0.573,0.549,0.534,0.381,0.080,0.051,0.578,0.038,0.039,0.038,0.038,0.036,0.037,0.038,0.039,0.038,0.038,0.037,0.037
18:19:10,37.0,0.037,0.037,0.037,0.037,0.038,0.038,0.037,0.037,0.038,0.038,0.039,0.037,0.657,0.614,0.557,0.535,0.435,0.258,0.083,0.065,0.054,0.051,0.049,0.355,0.655,0.601,0.568,0.533,0.441,0.288,0.084,0.063,0.053,0.049,0.049,0.355,0.670,0.624,0.601,0.571,0.540,0.479,0.354,0.222,0.053,0.051,0.050,0.502,0.665,0.627,0.587,0.560,0.510,0.477,0.342,0.193,0.054,0.048,0.046,0.496,0.663,0.644,0.625,0.611,0.614,0.597,0.563,0.551,0.404,0.083,0.053,0.596,0.648,0.629,0.625,0.609,0.600,0.577,0.555,0.542,0.392,0.083,0.051,0.583,0.038,0.039,0.038,0.038,0.037,0.037,0.038,0.039,0.037,0.038,0.037,0.037
18:44:10,37.0,0.037,0.037,0.037,0.038,0.038,0.038,0.037,0.037,0.038,0.038,0.039,0.037,0.658,0.618,0.562,0.543,0.446,0.286,0.087,0.066,0.054,0.051,0.049,0.361,0.656,0.604,0.572,0.541,0.452,0.315,0.086,0.063,0.053,0.049,0.049,0.367,0.672,0.627,0.604,0.574,0.546,0.489,0.363,0.244,0.054,0.051,0.050,0.511,0.667,0.631,0.590,0.564,0.516,0.486,0.351,0.214,0.055,0.048,0.046,0.505,0.663,0.646,0.626,0.615,0.609,0.600,0.568,0.556,0.415,0.087,0.053,0.600,0.647,0.631,0.628,0.612,0.603,0.581,0.561,0.548,0.403,0.087,0.051,0.588,0.038,0.039,0.038,0.038,0.036,0.037,0.038,0.039,0.037,0.038,0.037,0.037
19:09:10,37.0,0.037,0.037,0.037,0.037,0.038,0.038,0.037,0.037,0.038,0.038,0.039,0.037,0.658,0.621,0.567,0.549,0.457,0.313,0.088,0.068,0.053,0.051,0.049,0.372,0.656,0.607,0.577,0.549,0.463,0.340,0.090,0.064,0.053,0.049,0.049,0.376,0.672,0.630,0.607,0.578,0.551,0.499,0.372,0.269,0.053,0.051,0.049,0.520,0.667,0.633,0.593,0.567,0.522,0.495,0.361,0.237,0.055,0.047,0.046,0.514,0.664,0.648,0.630,0.618,0.612,0.604,0.573,0.561,0.425,0.091,0.053,0.605,0.648,0.633,0.630,0.614,0.606,0.585,0.566,0.555,0.413,0.091,0.051,0.592,0.038,0.039,0.038,0.038,0.036,0.037,0.038,0.039,0.037,0.038,0.037,0.037
19:34:10,37.0,0.037,0.037,0.037,0.038,0.038,0.038,0.037,0.037,0.038,0.038,0.039,0.037,0.658,0.625,0.572,0.555,0.468,0.337,0.097,0.069,0.054,0.051,0.049,0.382,0.656,0.610,0.580,0.555,0.473,0.360,0.094,0.065,0.053,0.049,0.049,0.387,0.673,0.632,0.609,0.581,0.557,0.508,0.381,0.293,0.054,0.051,0.050,0.528,0.668,0.637,0.597,0.571,0.527,0.504,0.370,0.261,0.055,0.047,0.046,0.522,0.664,0.651,0.633,0.621,0.615,0.606,0.577,0.566,0.435,0.096,0.054,0.608,0.648,0.635,0.633,0.617,0.608,0.588,0.570,0.560,0.423,0.096,0.052,0.595,0.038,0.039,0.038,0.038,0.037,0.037,0.038,0.039,0.037,0.038,0.038,0.037
19:59:10,37.1,0.037,0.037,0.037,0.038,0.038,0.038,0.037,0.037,0.038,0.038,0.039,0.037,0.659,0.627,0.576,0.561,0.478,0.355,0.100,0.070,0.054,0.051,0.049,0.391,0.656,0.613,0.584,0.561,0.483,0.374,0.101,0.066,0.053,0.049,0.049,0.397,0.673,0.635,0.613,0.584,0.562,0.516,0.390,0.316,0.054,0.051,0.049,0.535,0.669,0.641,0.600,0.573,0.532,0.512,0.380,0.284,0.055,0.047,0.046,0.529,0.663,0.653,0.635,0.623,0.617,0.608,0.581,0.571,0.446,0.101,0.054,0.611,0.648,0.636,0.635,0.619,0.611,0.591,0.574,0.565,0.431,0.100,0.052,0.598,0.038,0.039,0.038,0.038,0.036,0.037,0.038,0.039,0.037,0.038,0.038,0.037
20:24:10,37.1,0.037,0.037,0.037,0.038,0.038,0.038,0.037,0.037,0.038,0.038,0.039,0.037,0.659,0.630,0.579,0.567,0.486,0.369,0.106,0.071,0.054,0.051,0.049,0.400,0.656,0.616,0.589,0.566,0.492,0.386,0.106,0.068,0.053,0.049,0.049,0.406,0.673,0.637,0.615,0.588,0.566,0.522,0.400,0.334,0.054,0.051,0.050,0.542,0.668,0.643,0.603,0.576,0.535,0.519,0.390,0.305,0.055,0.047,0.046,0.536,0.663,0.654,0.637,0.626,0.620,0.611,0.585,0.574,0.455,0.107,0.055,0.614,0.647,0.637,0.636,0.621,0.614,0.594,0.578,0.569,0.439,0.105,0.053,0.601,0.038,0.039,0.038,0.038,0.036,0.037,0.038,0.039,0.037,0.038,0.038,0.037
20:49:10,37.0,0.037,0.037,0.037,0.037,0.038,0.038,0.037,0.037,0.038,0.038,0.039,0.037,0.659,0.632,0.583,0.571,0.495,0.381,0.111,0.071,0.054,0.051,0.049,0.409,0.655,0.619,0.591,0.571,0.500,0.397,0.112,0.069,0.053,0.049,0.049,0.415,0.673,0.638,0.618,0.591,0.571,0.529,0.408,0.349,0.054,0.051,0.049,0.548,0.669,0.645,0.606,0.579,0.539,0.526,0.398,0.324,0.056,0.047,0.046,0.542,0.662,0.655,0.639,0.627,0.622,0.613,0.587,0.578,0.464,0.113,0.055,0.617,0.646,0.638,0.638,0.622,0.616,0.597,0.582,0.574,0.447,0.112,0.053,0.603,0.038,0.039,0.038,0.038,0.037,0.037,0.038,0.039,0.038,0.038,0.038,0.037
21:14:10,37.1,0.037,0.037,0.037,0.037,0.038,0.038,0.037,0.037,0.038,0.038,0.039,0.037,0.657,0.634,0.586,0.575,0.503,0.392,0.118,0.072,0.055,0.051,0.049,0.418,0.655,0.621,0.595,0.575,0.508,0.407,0.117,0.070,0.053,0.049,0.049,0.424,0.673,0.639,0.620,0.593,0.575,0.536,0.417,0.363,0.054,0.051,0.049,0.554,0.669,0.648,0.608,0.582,0.543,0.532,0.407,0.337,0.056,0.047,0.046,0.548,0.662,0.656,0.641,0.629,0.624,0.615,0.591,0.582,0.473,0.120,0.055,0.619,0.646,0.638,0.640,0.624,0.619,0.599,0.585,0.577,0.457,0.118,0.054,0.606,0.038,0.039,0.038,0.038,0.036,0.037,0.038,0.039,0.037,0.038,0.038,0.037
21:39:10,37.1,0.037,0.037,0.037,0.037,0.038,0.038,0.037,0.037,0.038,0.038,0.039,0.037,0.658,0.635,0.589,0.579,0.510,0.402,0.125,0.074,0.056,0.051,0.049,0.427,0.655,0.622,0.598,0.579,0.515,0.419,0.123,0.071,0.053,0.049,0.048,0.432,0.673,0.641,0.622,0.596,0.578,0.541,0.425,0.372,0.055,0.051,0.049,0.560,0.669,0.650,0.611,0.585,0.547,0.538,0.415,0.349,0.056,0.047,0.046,0.553,0.661,0.657,0.643,0.631,0.626,0.617,0.593,0.585,0.481,0.128,0.056,0.622,0.646,0.639,0.642,0.626,0.621,0.602,0.588,0.582,0.465,0.126,0.054,0.608,0.038,0.039,0.038,0.042,0.036,0.037,0.038,0.039,0.037,0.038,0.038,0.037
22:04:10,37.0,0.037,0.037,0.037,0.038,0.038,0.038,0.037,0.037,0.038,0.038,0.039,0.037,0.658,0.637,0.593,0.583,0.517,0.411,0.133,0.076,0.055,0.051,0.051,0.435,0.655,0.624,0.602,0.583,0.522,0.429,0.131,0.073,0.053,0.049,0.049,0.441,0.673,0.643,0.625,0.598,0.582,0.547,0.434,0.377,0.055,0.051,0.049,0.565,0.668,0.650,0.614,0.589,0.551,0.544,0.423,0.359,0.057,0.047,0.046,0.559,0.661,0.659,0.645,0.633,0.628,0.619,0.596,0.588,0.489,0.138,0.057,0.624,0.646,0.640,0.643,0.627,0.622,0.603,0.592,0.585,0.473,0.134,0.055,0.610,0.038,0.039,0.038,0.042,0.036,0.037,0.038,0.039,0.037,0.038,0.038,0.037
22:29:10,37.1,0.037,0.037,0.037,0.037,0.038,0.038,0.037,0.037,0.038,0.038,0.039,0.037,0.658,0.640,0.595,0.587,0.523,0.420,0.142,0.077,0.054,0.051,0.049,0.443,0.654,0.625,0.604,0.586,0.527,0.438,0.140,0.074,0.053,0.049,0.048,0.449,0.672,0.643,0.627,0.600,0.586,0.553,0.442,0.387,0.055,0.051,0.049,0.570,0.669,0.653,0.617,0.590,0.554,0.549,0.431,0.368,0.057,0.047,0.046,0.563,0.661,0.660,0.645,0.634,0.630,0.620,0.598,0.591,0.497,0.147,0.057,0.625,0.647,0.640,0.644,0.628,0.624,0.606,0.595,0.588,0.480,0.143,0.056,0.611,0.038,0.039,0.038,0.042,0.036,0.037,0.038,0.039,0.037,0.038,0.038,0.037
22:54:10,37.0,0.037,0.037,0.037,0.037,0.038,0.038,0.037,0.037,0.038,0.038,0.039,0.037,0.658,0.641,0.597,0.590,0.529,0.429,0.152,0.077,0.054,0.051,0.048,0.452,0.654,0.626,0.607,0.590,0.534,0.447,0.148,0.075,0.053,0.049,0.048,0.458,0.673,0.646,0.629,0.603,0.588,0.557,0.450,0.396,0.055,0.051,0.049,0.575,0.670,0.655,0.619,0.593,0.558,0.554,0.439,0.377,0.057,0.047,0.046,0.568,0.661,0.660,0.646,0.635,0.631,0.621,0.601,0.594,0.503,0.159,0.058,0.628,0.646,0.641,0.645,0.629,0.625,0.608,0.597,0.591,0.487,0.153,0.056,0.613,0.038,0.039,0.038,0.042,0.036,0.037,0.038,0.039,0.037,0.038,0.037,0.037
23:19:10,37.1,0.037,0.037,0.037,0.037,0.038,0.038,0.037,0.037,0.038,0.038,0.039,0.037,0.658,0.642,0.600,0.593,0.535,0.439,0.161,0.080,0.055,0.051,0.049,0.460,0.654,0.628,0.610,0.593,0.539,0.457,0.159,0.077,0.053,0.049,0.048,0.465,0.673,0.646,0.631,0.606,0.591,0.561,0.457,0.404,0.056,0.051,0.049,0.578,0.669,0.657,0.620,0.596,0.561,0.557,0.447,0.386,0.057,0.047,0.046,0.572,0.661,0.660,0.648,0.636,0.633,0.623,0.603,0.597,0.510,0.171,0.059,0.630,0.646,0.641,0.647,0.630,0.627,0.609,0.599,0.594,0.493,0.165,0.058,0.614,0.038,0.039,0.038,0.042,0.036,0.037,0.038,0.039,0.037,0.038,0.038,0.037
23:44:10,37.0,0.037,0.037,0.037,0.037,0.038,0.038,0.037,0.037,0.038,0.038,0.039,0.037,0.657,0.643,0.602,0.597,0.539,0.447,0.172,0.082,0.055,0.051,0.049,0.466,0.654,0.629,0.612,0.596,0.544,0.466,0.170,0.080,0.053,0.049,0.048,0.472,0.673,0.647,0.633,0.607,0.594,0.565,0.465,0.412,0.056,0.051,0.049,0.583,0.670,0.658,0.622,0.599,0.564,0.562,0.455,0.394,0.058,0.047,0.046,0.576,0.661,0.661,0.649,0.638,0.634,0.626,0.605,0.599,0.516,0.185,0.061,0.631,0.646,0.643,0.649,0.631,0.628,0.611,0.602,0.596,0.498,0.177,0.059,0.616,0.038,0.039,0.038,0.042,0.036,0.037,0.038,0.039,0.037,0.038,0.037,0.037
24:09:10,37.1,0.037,0.037,0.037,0.037,0.038,0.038,0.037,0.037,0.038,0.038,0.039,0.037,0.658,0.645,0.605,0.600,0.544,0.456,0.185,0.085,0.055,0.051,0.048,0.473,0.654,0.630,0.614,0.598,0.549,0.475,0.184,0.081,0.053,0.049,0.048,0.480,0.674,0.649,0.636,0.610,0.597,0.570,0.471,0.420,0.057,0.051,0.049,0.587,0.670,0.659,0.624,0.602,0.567,0.566,0.461,0.403,0.058,0.047,0.046,0.580,0.661,0.661,0.650,0.638,0.636,0.626,0.607,0.603,0.523,0.200,0.061,0.633,0.647,0.643,0.649,0.633,0.629,0.612,0.605,0.599,0.504,0.191,0.060,0.616,0.038,0.039,0.038,0.042,0.036,0.037,0.038,0.039,0.037,0.038,0.038,0.037
24:34:10,37.0,0.037,0.037,0.037,0.037,0.038,0.038,0.037,0.037,0.038,0.038,0.039,0.037,0.658,0.646,0.607,0.602,0.548,0.465,0.201,0.089,0.055,0.051,0.048,0.480,0.654,0.632,0.616,0.601,0.554,0.483,0.200,0.084,0.053,0.049,0.048,0.487,0.674,0.649,0.637,0.611,0.600,0.573,0.477,0.427,0.057,0.051,0.049,0.591,0.671,0.662,0.626,0.603,0.570,0.570,0.468,0.411,0.058,0.047,0.046,0.584,0.661,0.663,0.651,0.640,0.638,0.628,0.609,0.605,0.528,0.216,0.062,0.633,0.647,0.644,0.651,0.634,0.630,0.614,0.607,0.602,0.510,0.205,0.061,0.618,0.038,0.039,0.038,0.042,0.036,0.037,0.038,0.039,0.037,0.037,0.037,0.037
24:59:10,37.0,0.037,0.037,0.037,0.037,0.038,0.038,0.037,0.037,0.038,0.038,0.039,0.037,0.659,0.647,0.609,0.605,0.553,0.473,0.219,0.093,0.056,0.051,0.048,0.486,0.655,0.633,0.619,0.604,0.558,0.491,0.216,0.092,0.054,0.049,0.048,0.494,0.675,0.651,0.638,0.614,0.602,0.577,0.484,0.435,0.057,0.051,0.049,0.594,0.671,0.663,0.626,0.605,0.572,0.573,0.474,0.419,0.058,0.047,0.046,0.587,0.662,0.663,0.652,0.641,0.639,0.629,0.612,0.608,0.533,0.233,0.063,0.635,0.646,0.645,0.653,0.635,0.632,0.616,0.609,0.605,0.516,0.220,0.062,0.619,0.038,0.039,0.038,0.042,0.036,0.037,0.038,0.039,0.037,0.038,0.037,0.037
25:24:10,37.1,0.037,0.037,0.037,0.037,0.038,0.038,0.037,0.037,0.038,0.038,0.039,0.037,0.659,0.649,0.610,0.608,0.557,0.481,0.237,0.098,0.055,0.051,0.048,0.493,0.655,0.634,0.621,0.606,0.562,0.499,0.233,0.095,0.053,0.048,0.048,0.500,0.676,0.652,0.640,0.616,0.604,0.581,0.490,0.442,0.058,0.051,0.049,0.598,0.671,0.665,0.629,0.607,0.575,0.578,0.481,0.428,0.059,0.047,0.046,0.590,0.662,0.664,0.653,0.642,0.640,0.631,0.614,0.610,0.538,0.251,0.063,0.636,0.647,0.646,0.653,0.637,0.633,0.617,0.610,0.608,0.521,0.237,0.063,0.620,0.038,0.039,0.038,0.042,0.036,0.037,0.038,0.039,0.037,0.038,0.037,0.037
25:49:10,37.0,0.037,0.036,0.037,0.037,0.038,0.038,0.037,0.037,0.038,0.038,0.039,0.037,0.659,0.650,0.612,0.610,0.561,0.488,0.256,0.103,0.055,0.051,0.048,0.500,0.656,0.635,0.624,0.609,0.567,0.505,0.252,0.100,0.054,0.048,0.048,0.506,0.676,0.653,0.642,0.618,0.606,0.584,0.496,0.450,0.058,0.051,0.049,0.601,0.672,0.666,0.630,0.610,0.577,0.581,0.487,0.436,0.059,0.047,0.046,0.594,0.662,0.666,0.655,0.643,0.642,0.632,0.615,0.612,0.542,0.270,0.064,0.639,0.647,0.647,0.655,0.639,0.635,0.619,0.613,0.609,0.526,0.255,0.064,0.621,0.038,0.039,0.038,0.042,0.036,0.037,0.038,0.039,0.037,0.037,0.037,0.037
26:14:10,37.1,0.037,0.036,0.037,0.037,0.038,0.038,0.037,0.037,0.038,0.038,0.039,0.037,0.659,0.652,0.615,0.613,0.566,0.496,0.276,0.107,0.056,0.051,0.048,0.505,0.656,0.637,0.625,0.610,0.571,0.511,0.273,0.106,0.054,0.049,0.048,0.512,0.676,0.655,0.643,0.619,0.608,0.587,0.500,0.459,0.058,0.051,0.049,0.603,0.673,0.668,0.631,0.611,0.580,0.583,0.492,0.444,0.061,0.047,0.046,0.596,0.663,0.667,0.656,0.645,0.643,0.634,0.617,0.614,0.547,0.287,0.065,0.640,0.647,0.648,0.656,0.640,0.637,0.620,0.614,0.612,0.529,0.271,0.064,0.624,0.038,0.039,0.038,0.042,0.036,0.037,0.038,0.039,0.037,0.038,0.037,0.037
26:39:10,37.0,0.037,0.037,0.037,0.037,0.038,0.038,0.037,0.037,0.038,0.038,0.039,0.037,0.660,0.654,0.616,0.615,0.570,0.503,0.294,0.112,0.056,0.051,0.048,0.511,0.656,0.639,0.626,0.613,0.575,0.518,0.295,0.112,0.054,0.049,0.048,0.518,0.677,0.659,0.645,0.621,0.610,0.590,0.505,0.465,0.058,0.051,0.049,0.606,0.673,0.670,0.632,0.612,0.582,0.587,0.498,0.452,0.061,0.047,0.046,0.599,0.662,0.668,0.658,0.647,0.645,0.635,0.619,0.616,0.551,0.303,0.066,0.642,0.647,0.650,0.658,0.641,0.638,0.622,0.616,0.614,0.534,0.287,0.065,0.624,0.038,0.039,0.038,0.042,0.036,0.037,0.038,0.039,0.037,0.038,0.037,0.037
27:04:10,37.0,0.037,0.037,0.037,0.037,0.038,0.038,0.037,0.037,0.038,0.038,0.039,0.037,0.659,0.656,0.618,0.616,0.574,0.509,0.313,0.115,0.056,0.052,0.048,0.517,0.656,0.640,0.629,0.615,0.578,0.524,0.315,0.114,0.054,0.049,0.048,0.524,0.677,0.659,0.647,0.623,0.612,0.593,0.510,0.473,0.059,0.051,0.050,0.609,0.673,0.672,0.635,0.614,0.584,0.590,0.502,0.459,0.061,0.047,0.046,0.602,0.662,0.669,0.660,0.648,0.646,0.637,0.621,0.618,0.556,0.317,0.067,0.644,0.646,0.650,0.660,0.642,0.640,0.624,0.618,0.616,0.537,0.300,0.066,0.625,0.038,0.039,0.038,0.042,0.036,0.037,0.038,0.039,0.037,0.038,0.037,0.037
27:29:10,37.0,0.037,0.037,0.037,0.037,0.038,0.038,0.037,0.037,0.038,0.038,0.039,0.037,0.659,0.657,0.620,0.619,0.577,0.515,0.327,0.118,0.056,0.052,0.048,0.521,0.656,0.641,0.630,0.616,0.581,0.529,0.332,0.119,0.054,0.049,0.048,0.529,0.677,0.660,0.648,0.624,0.614,0.596,0.515,0.480,0.059,0.051,0.050,0.612,0.673,0.674,0.637,0.616,0.587,0.593,0.507,0.466,0.061,0.047,0.047,0.604,0.662,0.671,0.661,0.650,0.647,0.638,0.622,0.620,0.559,0.328,0.069,0.643,0.645,0.652,0.662,0.645,0.641,0.626,0.619,0.618,0.541,0.312,0.067,0.626,0.038,0.039,0.038,0.042,0.036,0.037,0.038,0.039,0.037,0.038,0.037,0.037
27:54:10,37.0,0.037,0.036,0.037,0.037,0.038,0.038,0.037,0.037,0.038,0.038,0.039,0.037,0.658,0.659,0.622,0.621,0.581,0.521,0.339,0.121,0.056,0.052,0.048,0.527,0.655,0.642,0.632,0.618,0.584,0.534,0.344,0.125,0.054,0.049,0.048,0.534,0.677,0.662,0.650,0.624,0.617,0.600,0.519,0.487,0.060,0.051,0.050,0.614,0.673,0.675,0.639,0.617,0.588,0.596,0.512,0.474,0.062,0.047,0.047,0.606,0.661,0.672,0.663,0.652,0.649,0.642,0.624,0.621,0.563,0.338,0.070,0.646,0.645,0.651,0.663,0.645,0.643,0.627,0.621,0.620,0.545,0.322,0.068,0.626,0.038,0.039,0.038,0.042,0.036,0.037,0.038,0.038,0.037,0.037,0.037,0.037
28:19:10,37.0,0.037,0.037,0.037,0.037,0.038,0.038,0.037,0.037,0.038,0.038,0.039,0.037,0.658,0.661,0.624,0.622,0.583,0.526,0.349,0.129,0.056,0.052,0.048,0.531,0.655,0.644,0.633,0.620,0.587,0.539,0.354,0.130,0.054,0.049,0.048,0.539,0.677,0.663,0.652,0.626,0.620,0.603,0.524,0.494,0.060,0.051,0.050,0.615,0.673,0.677,0.640,0.619,0.591,0.599,0.517,0.481,0.062,0.048,0.047,0.609,0.660,0.673,0.664,0.653,0.651,0.642,0.626,0.624,0.567,0.348,0.071,0.647,0.643,0.652,0.664,0.646,0.644,0.629,0.622,0.622,0.548,0.331,0.069,0.627,0.038,0.039,0.038,0.042,0.036,0.037,0.038,0.039,0.037,0.037,0.037,0.037
28:44:10,37.1,0.037,0.037,0.037,0.037,0.038,0.038,0.037,0.037,0.038,0.038,0.039,0.037,0.657,0.662,0.625,0.625,0.587,0.532,0.357,0.137,0.056,0.052,0.048,0.536,0.655,0.646,0.635,0.622,0.591,0.545,0.361,0.137,0.054,0.049,0.048,0.543,0.676,0.665,0.654,0.628,0.620,0.605,0.528,0.500,0.061,0.051,0.050,0.618,0.673,0.678,0.641,0.621,0.592,0.602,0.522,0.487,0.063,0.048,0.047,0.611,0.659,0.674,0.666,0.655,0.652,0.643,0.628,0.625,0.571,0.356,0.073,0.649,0.643,0.653,0.669,0.647,0.646,0.630,0.624,0.623,0.551,0.340,0.071,0.628,0.038,0.039,0.038,0.042,0.036,0.037,0.038,0.039,0.037,0.038,0.037,0.037
29:09:10,37.0,0.037,0.036,0.037,0.037,0.038,0.038,0.037,0.037,0.038,0.038,0.039,0.037,0.657,0.665,0.627,0.626,0.591,0.537,0.363,0.144,0.056,0.052,0.048,0.540,0.654,0.648,0.637,0.623,0.592,0.550,0.369,0.144,0.054,0.049,0.048,0.546,0.675,0.667,0.656,0.630,0.622,0.607,0.533,0.507,0.061,0.051,0.050,0.620,0.672,0.679,0.643,0.623,0.594,0.604,0.526,0.494,0.063,0.048,0.047,0.613,0.658,0.673,0.667,0.655,0.653,0.644,0.629,0.627,0.573,0.366,0.075,0.649,0.641,0.653,0.666,0.648,0.647,0.632,0.625,0.624,0.555,0.348,0.072,0.627,0.038,0.039,0.038,0.042,0.036,0.037,0.038,0.039,0.037,0.037,0.037,0.037
29:34:10,37.0,0.037,0.037,0.037,0.037,0.038,0.038,0.037,0.037,0.038,0.038,0.039,0.037,0.654,0.666,0.629,0.628,0.594,0.542,0.370,0.152,0.055,0.053,0.048,0.544,0.653,0.649,0.638,0.625,0.596,0.553,0.376,0.154,0.054,0.049,0.048,0.552,0.675,0.668,0.658,0.632,0.624,0.611,0.537,0.513,0.062,0.051,0.050,0.622,0.672,0.681,0.645,0.624,0.595,0.606,0.531,0.500,0.064,0.048,0.047,0.614,0.657,0.674,0.667,0.657,0.655,0.645,0.631,0.629,0.577,0.374,0.077,0.650,0.639,0.653,0.667,0.650,0.648,0.633,0.626,0.626,0.558,0.355,0.074,0.627,0.038,0.039,0.038,0.042,0.036,0.037,0.038,0.038,0.037,0.037,0.037,0.037
29:59:10,37.1,0.037,0.037,0.037,0.037,0.038,0.038,0.037,0.037,0.038,0.038,0.039,0.037,0.653,0.668,0.631,0.631,0.596,0.547,0.375,0.160,0.056,0.053,0.048,0.547,0.653,0.651,0.641,0.626,0.599,0.558,0.383,0.166,0.054,0.049,0.048,0.556,0.674,0.670,0.659,0.633,0.625,0.613,0.542,0.518,0.063,0.051,0.050,0.623,0.671,0.682,0.647,0.626,0.597,0.609,0.535,0.505,0.065,0.048,0.047,0.616,0.656,0.675,0.669,0.659,0.657,0.647,0.632,0.631,0.580,0.382,0.080,0.651,0.637,0.653,0.668,0.650,0.650,0.634,0.628,0.628,0.561,0.363,0.075,0.627,0.038,0.039,0.038,0.042,0.036,0.037,0.038,0.039,0.037,0.037,0.037,0.037
30:24:10,37.1,0.037,0.036,0.037,0.037,0.038,0.038,0.037,0.037,0.038,0.038,0.039,0.037,0.651,0.669,0.633,0.632,0.599,0.552,0.382,0.170,0.056,0.053,0.048,0.552,0.651,0.653,0.642,0.627,0.600,0.563,0.390,0.176,0.054,0.049,0.048,0.558,0.673,0.671,0.661,0.635,0.628,0.615,0.545,0.523,0.063,0.051,0.050,0.625,0.670,0.683,0.649,0.627,0.600,0.611,0.540,0.510,0.065,0.048,0.047,0.617,0.654,0.674,0.670,0.659,0.658,0.648,0.634,0.631,0.582,0.390,0.083,0.652,0.634,0.652,0.668,0.650,0.651,0.635,0.630,0.629,0.564,0.370,0.076,0.627,0.038,0.039,0.038,0.042,0.036,0.037,0.038,0.038,0.037,0.037,0.037,0.037

