0:24:10,37.0,0.043,0.041,0.042,0.041,0.043,0.043,0.042,0.041,0.043,0.042,0.043,0.041,0.044,0.041,0.041,0.042,0.043,0.042,0.041,0.041,0.042,0.043,0.043,0.042,0.043,0.041,0.043,0.041,0.042,0.041,0.040,0.041,0.043,0.043,0.043,0.044,0.043,0.041,0.041,0.040,0.042,0.041,0.041,0.043,0.043,0.043,0.043,0.043,0.043,0.042,0.042,0.046,0.042,0.042,0.042,0.041,0.042,0.042,0.042,0.055,0.043,0.042,0.042,0.042,0.042,0.042,0.043,0.042,0.042,0.041,0.042,0.042,0.043,0.044,0.042,0.043,0.042,0.042,0.043,0.043,0.043,0.042,0.052,0.043,0.041,0.043,0.043,0.043,0.042,0.042,0.043,0.043,0.043,0.043,0.042,0.042
0:49:10,37.1,0.045,0.042,0.043,0.043,0.044,0.045,0.043,0.042,0.043,0.043,0.044,0.042,0.046,0.042,0.042,0.043,0.044,0.043,0.042,0.042,0.043,0.044,0.044,0.043,0.044,0.042,0.044,0.042,0.043,0.042,0.041,0.041,0.044,0.045,0.044,0.044,0.044,0.041,0.041,0.040,0.043,0.042,0.042,0.044,0.044,0.044,0.044,0.043,0.043,0.043,0.042,0.046,0.042,0.042,0.042,0.041,0.042,0.042,0.042,0.056,0.044,0.042,0.042,0.042,0.043,0.042,0.043,0.042,0.042,0.041,0.042,0.042,0.043,0.044,0.042,0.043,0.095,0.042,0.044,0.043,0.043,0.042,0.047,0.043,0.041,0.043,0.043,0.043,0.042,0.042,0.043,0.043,0.043,0.043,0.042,0.042
1:14:10,37.1,0.046,0.043,0.044,0.044,0.045,0.046,0.044,0.043,0.045,0.045,0.046,0.044,0.048,0.043,0.043,0.044,0.046,0.045,0.043,0.043,0.045,0.046,0.046,0.044,0.046,0.043,0.045,0.043,0.044,0.043,0.042,0.042,0.046,0.046,0.045,0.046,0.046,0.042,0.042,0.041,0.044,0.043,0.043,0.045,0.045,0.045,0.045,0.044,0.044,0.043,0.043,0.047,0.043,0.043,0.043,0.042,0.043,0.042,0.043,0.056,0.044,0.043,0.043,0.043,0.043,0.042,0.043,0.042,0.042,0.041,0.042,0.042,0.043,0.045,0.043,0.043,0.095,0.042,0.045,0.043,0.043,0.042,0.047,0.043,0.042,0.043,0.043,0.043,0.042,0.042,0.043,0.044,0.043,0.043,0.042,0.042
1:39:10,37.1,0.048,0.044,0.046,0.045,0.047,0.047,0.046,0.044,0.047,0.047,0.048,0.045,0.050,0.044,0.044,0.046,0.048,0.046,0.044,0.044,0.046,0.048,0.048,0.045,0.048,0.044,0.047,0.044,0.046,0.045,0.043,0.043,0.048,0.048,0.047,0.048,0.048,0.043,0.043,0.042,0.045,0.044,0.044,0.046,0.046,0.046,0.046,0.045,0.044,0.044,0.043,0.047,0.043,0.043,0.044,0.042,0.043,0.043,0.043,0.057,0.045,0.043,0.043,0.043,0.043,0.042,0.044,0.042,0.042,0.041,0.042,0.042,0.044,0.045,0.043,0.043,0.104,0.042,0.044,0.043,0.043,0.042,0.047,0.043,0.042,0.043,0.043,0.043,0.042,0.042,0.043,0.043,0.043,0.043,0.042,0.042
2:04:10,37.1,0.051,0.046,0.048,0.047,0.049,0.049,0.047,0.046,0.049,0.049,0.050,0.047,0.052,0.045,0.046,0.047,0.050,0.048,0.046,0.046,0.049,0.050,0.050,0.047,0.050,0.045,0.048,0.045,0.047,0.046,0.045,0.045,0.050,0.050,0.049,0.049,0.050,0.044,0.044,0.043,0.047,0.045,0.045,0.047,0.047,0.048,0.048,0.047,0.045,0.044,0.044,0.048,0.044,0.044,0.044,0.043,0.044,0.043,0.044,0.058,0.045,0.043,0.043,0.043,0.043,0.043,0.044,0.043,0.043,0.041,0.042,0.042,0.044,0.044,0.043,0.043,0.104,0.043,0.044,0.044,0.043,0.042,0.045,0.043,0.042,0.043,0.044,0.043,0.043,0.042,0.043,0.044,0.043,0.043,0.043,0.043
2:29:10,37.0,0.053,0.048,0.050,0.049,0.052,0.051,0.050,0.049,0.052,0.052,0.053,0.049,0.056,0.047,0.048,0.050,0.052,0.051,0.048,0.048,0.051,0.053,0.053,0.049,0.053,0.047,0.050,0.047,0.049,0.048,0.047,0.046,0.052,0.052,0.051,0.051,0.053,0.046,0.045,0.044,0.049,0.046,0.047,0.048,0.049,0.049,0.049,0.048,0.046,0.045,0.044,0.050,0.045,0.045,0.045,0.044,0.044,0.044,0.044,0.058,0.046,0.044,0.044,0.043,0.044,0.043,0.044,0.043,0.043,0.041,0.043,0.043,0.045,0.044,0.043,0.043,0.095,0.043,0.043,0.044,0.043,0.042,0.048,0.043,0.043,0.043,0.043,0.043,0.043,0.042,0.043,0.044,0.044,0.044,0.043,0.043
2:54:10,37.0,0.056,0.051,0.053,0.052,0.055,0.054,0.052,0.051,0.055,0.055,0.056,0.052,0.060,0.050,0.051,0.053,0.055,0.054,0.051,0.051,0.054,0.056,0.057,0.052,0.057,0.049,0.052,0.049,0.051,0.051,0.049,0.048,0.055,0.055,0.054,0.053,0.057,0.047,0.047,0.045,0.051,0.048,0.049,0.050,0.051,0.051,0.051,0.050,0.046,0.046,0.045,0.050,0.046,0.046,0.046,0.044,0.045,0.045,0.045,0.059,0.046,0.044,0.044,0.044,0.044,0.043,0.045,0.043,0.043,0.042,0.043,0.043,0.045,0.044,0.043,0.044,0.091,0.043,0.045,0.044,0.043,0.042,0.047,0.043,0.043,0.044,0.043,0.043,0.043,0.042,0.043,0.044,0.044,0.044,0.043,0.043
3:19:10,37.0,0.060,0.054,0.057,0.055,0.059,0.058,0.056,0.055,0.060,0.059,0.061,0.055,0.064,0.052,0.054,0.056,0.059,0.058,0.054,0.053,0.059,0.061,0.061,0.056,0.061,0.051,0.054,0.051,0.054,0.053,0.051,0.050,0.059,0.058,0.057,0.056,0.061,0.049,0.048,0.046,0.052,0.049,0.051,0.052,0.052,0.053,0.053,0.051,0.046,0.046,0.045,0.049,0.047,0.047,0.047,0.045,0.046,0.045,0.046,0.060,0.047,0.044,0.044,0.044,0.045,0.044,0.045,0.043,0.043,0.042,0.043,0.043,0.045,0.044,0.043,0.044,0.090,0.043,0.044,0.044,0.043,0.043,0.044,0.043,0.043,0.044,0.044,0.043,0.043,0.042,0.043,0.044,0.044,0.044,0.043,0.043
3:44:10,37.0,0.065,0.058,0.061,0.060,0.063,0.062,0.060,0.059,0.065,0.064,0.066,0.060,0.070,0.056,0.059,0.060,0.064,0.062,0.058,0.058,0.064,0.066,0.066,0.060,0.067,0.054,0.057,0.054,0.058,0.057,0.054,0.053,0.063,0.062,0.060,0.058,0.066,0.051,0.050,0.048,0.055,0.051,0.053,0.054,0.055,0.055,0.055,0.053,0.047,0.047,0.046,0.050,0.049,0.048,0.049,0.047,0.047,0.046,0.047,0.061,0.047,0.045,0.045,0.044,0.045,0.044,0.046,0.044,0.043,0.042,0.043,0.044,0.046,0.044,0.043,0.044,0.059,0.043,0.044,0.044,0.044,0.043,0.043,0.044,0.043,0.044,0.044,0.043,0.043,0.042,0.044,0.044,0.044,0.044,0.043,0.043
4:09:10,37.0,0.070,0.063,0.067,0.065,0.070,0.068,0.066,0.065,0.071,0.071,0.073,0.065,0.077,0.060,0.064,0.066,0.071,0.069,0.064,0.063,0.071,0.074,0.073,0.065,0.074,0.058,0.060,0.058,0.062,0.061,0.058,0.057,0.069,0.068,0.065,0.062,0.072,0.053,0.052,0.049,0.058,0.054,0.056,0.056,0.058,0.058,0.057,0.056,0.047,0.048,0.047,0.050,0.050,0.050,0.050,0.048,0.048,0.047,0.048,0.062,0.047,0.045,0.045,0.045,0.046,0.045,0.046,0.044,0.043,0.042,0.043,0.044,0.046,0.044,0.044,0.044,0.044,0.043,0.044,0.044,0.044,0.043,0.042,0.044,0.043,0.044,0.044,0.043,0.043,0.043,0.044,0.045,0.044,0.044,0.043,0.043
4:34:10,37.0,0.077,0.070,0.075,0.072,0.077,0.075,0.072,0.072,0.080,0.079,0.082,0.071,0.087,0.067,0.071,0.074,0.080,0.077,0.071,0.070,0.080,0.083,0.083,0.072,0.083,0.063,0.065,0.062,0.067,0.067,0.064,0.061,0.075,0.074,0.071,0.066,0.081,0.056,0.054,0.052,0.063,0.056,0.059,0.059,0.061,0.061,0.060,0.059,0.048,0.049,0.048,0.051,0.052,0.051,0.051,0.050,0.049,0.048,0.049,0.064,0.048,0.045,0.045,0.045,0.047,0.046,0.047,0.045,0.044,0.042,0.044,0.045,0.046,0.045,0.044,0.044,0.044,0.044,0.044,0.045,0.044,0.043,0.042,0.044,0.044,0.044,0.044,0.043,0.043,0.043,0.044,0.045,0.044,0.044,0.043,0.043
4:59:10,37.1,0.086,0.079,0.085,0.081,0.087,0.084,0.082,0.081,0.090,0.091,0.093,0.084,0.100,0.074,0.079,0.084,0.090,0.088,0.080,0.078,0.091,0.096,0.095,0.084,0.096,0.068,0.070,0.067,0.074,0.074,0.070,0.067,0.084,0.081,0.079,0.071,0.093,0.059,0.057,0.054,0.068,0.060,0.064,0.063,0.065,0.065,0.064,0.062,0.048,0.050,0.049,0.054,0.054,0.055,0.053,0.051,0.051,0.050,0.050,0.065,0.048,0.046,0.046,0.045,0.047,0.046,0.048,0.045,0.044,0.043,0.044,0.045,0.047,0.045,0.044,0.044,0.044,0.044,0.045,0.045,0.044,0.043,0.042,0.044,0.044,0.044,0.044,0.043,0.043,0.043,0.044,0.045,0.044,0.044,0.044,0.043
5:24:10,37.0,0.098,0.089,0.098,0.093,0.105,0.095,0.098,0.094,0.104,0.104,0.107,0.095,0.118,0.085,0.091,0.096,0.111,0.101,0.092,0.090,0.107,0.113,0.110,0.097,0.110,0.075,0.077,0.075,0.082,0.083,0.077,0.074,0.094,0.090,0.089,0.077,0.107,0.063,0.061,0.057,0.074,0.065,0.069,0.067,0.070,0.070,0.069,0.066,0.049,0.051,0.050,0.048,0.056,0.055,0.056,0.053,0.052,0.051,0.052,0.067,0.049,0.046,0.046,0.046,0.048,0.047,0.049,0.046,0.044,0.043,0.044,0.045,0.047,0.045,0.044,0.044,0.044,0.044,0.045,0.045,0.044,0.043,0.042,0.044,0.044,0.044,0.044,0.044,0.044,0.043,0.044,0.045,0.045,0.044,0.044,0.043
5:49:10,37.0,0.112,0.104,0.114,0.108,0.121,0.108,0.112,0.116,0.128,0.125,0.128,0.111,0.136,0.097,0.105,0.112,0.129,0.118,0.108,0.105,0.131,0.138,0.129,0.113,0.129,0.084,0.086,0.084,0.094,0.095,0.087,0.084,0.107,0.102,0.100,0.085,0.125,0.067,0.065,0.061,0.081,0.071,0.075,0.072,0.076,0.075,0.074,0.070,0.049,0.052,0.051,0.049,0.058,0.058,0.058,0.056,0.054,0.053,0.053,0.068,0.049,0.047,0.047,0.046,0.049,0.048,0.050,0.047,0.045,0.043,0.045,0.046,0.048,0.045,0.044,0.044,0.045,0.044,0.045,0.045,0.044,0.043,0.042,0.044,0.044,0.044,0.044,0.044,0.044,0.043,0.044,0.045,0.045,0.044,0.044,0.043
6:14:10,37.0,0.127,0.120,0.134,0.127,0.129,0.132,0.135,0.138,0.153,0.150,0.151,0.138,0.163,0.112,0.123,0.130,0.141,0.145,0.127,0.123,0.154,0.164,0.150,0.133,0.151,0.098,0.097,0.096,0.108,0.110,0.097,0.096,0.121,0.121,0.114,0.095,0.140,0.073,0.070,0.066,0.089,0.080,0.083,0.079,0.085,0.083,0.081,0.076,0.050,0.053,0.052,0.051,0.062,0.061,0.061,0.058,0.056,0.055,0.056,0.070,0.050,0.047,0.048,0.046,0.050,0.049,0.051,0.048,0.045,0.044,0.045,0.046,0.048,0.045,0.044,0.044,0.045,0.045,0.045,0.046,0.044,0.044,0.043,0.045,0.045,0.044,0.044,0.044,0.044,0.043,0.045,0.045,0.045,0.044,0.044,0.044
6:39:10,37.0,0.152,0.141,0.159,0.150,0.145,0.159,0.161,0.165,0.183,0.180,0.181,0.165,0.189,0.129,0.141,0.149,0.160,0.175,0.147,0.141,0.171,0.181,0.181,0.159,0.175,0.118,0.108,0.119,0.130,0.131,0.107,0.108,0.164,0.142,0.132,0.107,0.159,0.081,0.077,0.073,0.099,0.091,0.093,0.086,0.093,0.092,0.088,0.083,0.050,0.055,0.053,0.052,0.065,0.065,0.065,0.061,0.058,0.057,0.058,0.073,0.050,0.048,0.048,0.047,0.051,0.050,0.052,0.049,0.045,0.044,0.046,0.047,0.048,0.045,0.044,0.045,0.045,0.045,0.046,0.046,0.044,0.043,0.043,0.045,0.045,0.044,0.044,0.044,0.044,0.043,0.045,0.045,0.045,0.045,0.044,0.044
7:04:10,37.1,0.181,0.162,0.187,0.191,0.184,0.189,0.192,0.195,0.218,0.218,0.215,0.196,0.215,0.147,0.162,0.171,0.180,0.187,0.215,0.160,0.216,0.221,0.219,0.192,0.217,0.145,0.122,0.151,0.145,0.155,0.118,0.121,0.177,0.167,0.154,0.122,0.183,0.090,0.084,0.082,0.112,0.105,0.105,0.097,0.105,0.103,0.099,0.092,0.051,0.057,0.055,0.054,0.070,0.069,0.070,0.066,0.061,0.060,0.061,0.076,0.051,0.048,0.049,0.047,0.053,0.051,0.053,0.050,0.046,0.044,0.046,0.047,0.049,0.045,0.044,0.045,0.046,0.046,0.046,0.046,0.045,0.044,0.043,0.045,0.045,0.044,0.044,0.044,0.044,0.044,0.045,0.045,0.045,0.045,0.044,0.044
7:29:10,37.0,0.171,0.192,0.224,0.242,0.220,0.222,0.228,0.230,0.256,0.253,0.253,0.235,0.250,0.177,0.185,0.196,0.219,0.208,0.210,0.217,0.261,0.264,0.259,0.226,0.195,0.171,0.138,0.151,0.186,0.165,0.133,0.150,0.208,0.198,0.181,0.140,0.212,0.114,0.093,0.092,0.128,0.122,0.120,0.109,0.118,0.117,0.111,0.103,0.051,0.058,0.057,0.057,0.075,0.074,0.075,0.071,0.064,0.064,0.064,0.080,0.051,0.049,0.049,0.048,0.054,0.053,0.055,0.051,0.046,0.045,0.047,0.048,0.049,0.045,0.044,0.045,0.046,0.046,0.046,0.047,0.045,0.044,0.043,0.045,0.046,0.045,0.044,0.044,0.044,0.044,0.045,0.046,0.045,0.045,0.044,0.044
7:54:10,37.0,0.179,0.264,0.271,0.266,0.256,0.260,0.264,0.265,0.299,0.289,0.288,0.269,0.279,0.214,0.213,0.225,0.270,0.232,0.253,0.260,0.298,0.300,0.297,0.263,0.188,0.199,0.160,0.162,0.219,0.207,0.200,0.188,0.243,0.236,0.211,0.163,0.242,0.120,0.104,0.102,0.147,0.141,0.139,0.125,0.136,0.133,0.127,0.116,0.052,0.061,0.059,0.060,0.082,0.081,0.082,0.077,0.068,0.068,0.069,0.084,0.051,0.049,0.050,0.048,0.056,0.055,0.057,0.053,0.047,0.045,0.047,0.049,0.050,0.045,0.044,0.045,0.047,0.046,0.047,0.047,0.045,0.044,0.043,0.045,0.046,0.045,0.044,0.044,0.045,0.044,0.045,0.046,0.045,0.045,0.044,0.044
8:19:10,37.0,0.209,0.288,0.291,0.240,0.289,0.296,0.299,0.299,0.325,0.323,0.323,0.303,0.299,0.251,0.260,0.259,0.309,0.262,0.292,0.299,0.333,0.334,0.330,0.298,0.207,0.189,0.193,0.176,0.253,0.253,0.235,0.224,0.279,0.277,0.245,0.191,0.272,0.141,0.116,0.113,0.172,0.163,0.162,0.144,0.157,0.154,0.145,0.132,0.052,0.063,0.062,0.063,0.090,0.089,0.090,0.085,0.072,0.073,0.073,0.090,0.052,0.050,0.050,0.048,0.058,0.057,0.059,0.054,0.047,0.046,0.048,0.049,0.050,0.045,0.044,0.045,0.047,0.047,0.047,0.048,0.045,0.044,0.043,0.045,0.046,0.045,0.044,0.044,0.044,0.044,0.045,0.046,0.045,0.045,0.044,0.044
8:44:10,37.1,0.242,0.267,0.287,0.255,0.323,0.330,0.331,0.329,0.359,0.356,0.356,0.335,0.336,0.296,0.267,0.273,0.344,0.295,0.330,0.335,0.365,0.367,0.363,0.330,0.235,0.182,0.226,0.196,0.288,0.292,0.270,0.265,0.312,0.317,0.276,0.222,0.299,0.163,0.186,0.125,0.201,0.189,0.189,0.169,0.184,0.178,0.168,0.152,0.053,0.066,0.065,0.067,0.100,0.099,0.100,0.094,0.078,0.080,0.079,0.096,0.052,0.050,0.051,0.049,0.060,0.059,0.061,0.056,0.048,0.046,0.049,0.050,0.051,0.045,0.045,0.045,0.048,0.047,0.048,0.048,0.045,0.044,0.043,0.045,0.046,0.045,0.044,0.044,0.045,0.044,0.045,0.046,0.045,0.045,0.044,0.044
9:09:10,37.0,0.292,0.294,0.310,0.286,0.355,0.362,0.362,0.358,0.389,0.386,0.387,0.366,0.370,0.289,0.280,0.286,0.375,0.355,0.367,0.367,0.397,0.397,0.394,0.361,0.270,0.197,0.236,0.217,0.323,0.328,0.308,0.304,0.341,0.354,0.306,0.255,0.327,0.187,0.165,0.150,0.234,0.216,0.221,0.198,0.214,0.206,0.195,0.176,0.053,0.070,0.069,0.071,0.112,0.111,0.113,0.106,0.085,0.088,0.086,0.104,0.053,0.051,0.051,0.050,0.063,0.061,0.063,0.058,0.048,0.047,0.049,0.051,0.051,0.045,0.045,0.045,0.048,0.048,0.049,0.049,0.045,0.044,0.043,0.045,0.047,0.045,0.044,0.044,0.045,0.044,0.046,0.046,0.045,0.045,0.044,0.044
9:34:10,37.0,0.342,0.281,0.302,0.344,0.386,0.391,0.391,0.386,0.415,0.411,0.417,0.394,0.375,0.286,0.291,0.315,0.405,0.404,0.400,0.400,0.423,0.424,0.421,0.390,0.281,0.218,0.231,0.262,0.351,0.357,0.339,0.338,0.367,0.389,0.334,0.287,0.352,0.217,0.158,0.204,0.269,0.245,0.256,0.232,0.247,0.238,0.226,0.203,0.054,0.074,0.073,0.075,0.128,0.126,0.128,0.119,0.093,0.097,0.095,0.114,0.053,0.052,0.052,0.051,0.066,0.065,0.067,0.061,0.049,0.048,0.050,0.053,0.051,0.046,0.045,0.045,0.049,0.049,0.049,0.050,0.045,0.044,0.044,0.046,0.047,0.045,0.045,0.044,0.045,0.044,0.046,0.046,0.045,0.045,0.045,0.044
9:59:10,37.1,0.369,0.347,0.367,0.377,0.413,0.417,0.416,0.409,0.438,0.434,0.442,0.419,0.272,0.337,0.366,0.386,0.431,0.434,0.427,0.427,0.447,0.445,0.445,0.415,0.363,0.270,0.239,0.304,0.379,0.386,0.368,0.366,0.392,0.420,0.358,0.315,0.363,0.248,0.219,0.233,0.301,0.272,0.292,0.266,0.280,0.269,0.257,0.233,0.054,0.078,0.077,0.080,0.146,0.143,0.146,0.136,0.102,0.108,0.105,0.125,0.053,0.052,0.053,0.051,0.070,0.068,0.070,0.064,0.050,0.049,0.051,0.054,0.052,0.046,0.045,0.045,0.050,0.049,0.050,0.050,0.045,0.044,0.044,0.046,0.047,0.045,0.045,0.044,0.045,0.044,0.046,0.046,0.045,0.045,0.045,0.044
10:24:10,37.0,0.396,0.376,0.398,0.405,0.437,0.439,0.437,0.429,0.455,0.453,0.460,0.440,0.369,0.377,0.396,0.418,0.455,0.460,0.453,0.451,0.466,0.466,0.465,0.436,0.395,0.325,0.262,0.352,0.403,0.411,0.395,0.392,0.414,0.450,0.381,0.340,0.345,0.277,0.255,0.265,0.329,0.298,0.326,0.299,0.309,0.299,0.288,0.263,0.055,0.084,0.083,0.086,0.168,0.163,0.169,0.157,0.114,0.120,0.118,0.138,0.054,0.054,0.054,0.052,0.074,0.073,0.074,0.068,0.051,0.050,0.053,0.056,0.052,0.046,0.045,0.045,0.051,0.050,0.051,0.051,0.045,0.045,0.044,0.046,0.048,0.045,0.045,0.044,0.045,0.044,0.046,0.047,0.046,0.045,0.045,0.044
10:49:10,37.0,0.420,0.404,0.424,0.428,0.453,0.457,0.457,0.446,0.474,0.470,0.477,0.457,0.399,0.406,0.424,0.447,0.475,0.482,0.474,0.472,0.487,0.486,0.486,0.454,0.423,0.355,0.346,0.380,0.425,0.434,0.421,0.416,0.436,0.476,0.402,0.362,0.402,0.304,0.287,0.296,0.356,0.325,0.357,0.329,0.336,0.325,0.316,0.292,0.055,0.090,0.089,0.094,0.193,0.188,0.194,0.179,0.128,0.135,0.133,0.153,0.054,0.054,0.055,0.053,0.080,0.078,0.080,0.072,0.052,0.051,0.054,0.058,0.053,0.046,0.045,0.045,0.051,0.051,0.052,0.052,0.046,0.045,0.044,0.046,0.048,0.045,0.045,0.044,0.045,0.045,0.046,0.047,0.046,0.045,0.045,0.044
11:14:10,37.0,0.441,0.425,0.445,0.448,0.472,0.476,0.473,0.463,0.487,0.486,0.496,0.474,0.425,0.431,0.447,0.470,0.495,0.503,0.493,0.493,0.502,0.502,0.501,0.472,0.446,0.381,0.377,0.405,0.449,0.456,0.444,0.440,0.458,0.497,0.422,0.382,0.432,0.330,0.319,0.324,0.380,0.351,0.383,0.357,0.358,0.348,0.341,0.318,0.056,0.097,0.097,0.102,0.220,0.216,0.223,0.207,0.144,0.151,0.150,0.171,0.055,0.056,0.056,0.054,0.086,0.084,0.086,0.077,0.053,0.052,0.056,0.060,0.053,0.046,0.045,0.045,0.053,0.052,0.053,0.053,0.046,0.045,0.044,0.046,0.048,0.045,0.045,0.044,0.046,0.045,0.046,0.047,0.046,0.045,0.045,0.044
11:39:10,37.1,0.462,0.445,0.462,0.465,0.486,0.491,0.491,0.477,0.504,0.501,0.510,0.490,0.447,0.454,0.469,0.490,0.511,0.520,0.514,0.512,0.520,0.518,0.519,0.487,0.465,0.404,0.404,0.426,0.468,0.479,0.467,0.462,0.475,0.519,0.442,0.401,0.458,0.352,0.345,0.349,0.403,0.374,0.408,0.381,0.379,0.370,0.363,0.343,0.056,0.105,0.105,0.114,0.248,0.247,0.253,0.237,0.163,0.171,0.170,0.193,0.056,0.057,0.057,0.055,0.093,0.091,0.093,0.083,0.055,0.054,0.058,0.062,0.053,0.046,0.045,0.045,0.054,0.053,0.054,0.054,0.046,0.045,0.044,0.047,0.048,0.045,0.045,0.044,0.046,0.045,0.046,0.047,0.046,0.045,0.045,0.045
12:04:10,37.0,0.477,0.460,0.479,0.481,0.502,0.507,0.504,0.493,0.515,0.514,0.527,0.503,0.466,0.471,0.486,0.509,0.528,0.538,0.528,0.531,0.532,0.533,0.532,0.503,0.483,0.424,0.426,0.449,0.487,0.498,0.490,0.484,0.494,0.541,0.458,0.420,0.481,0.373,0.370,0.372,0.426,0.396,0.432,0.405,0.400,0.391,0.383,0.361,0.057,0.114,0.115,0.124,0.276,0.279,0.284,0.269,0.185,0.194,0.193,0.215,0.056,0.059,0.059,0.056,0.101,0.099,0.101,0.090,0.056,0.056,0.060,0.065,0.054,0.046,0.045,0.045,0.055,0.054,0.055,0.056,0.046,0.045,0.044,0.047,0.049,0.045,0.045,0.044,0.046,0.045,0.046,0.047,0.046,0.045,0.045,0.044
12:29:10,37.0,0.497,0.475,0.494,0.496,0.515,0.521,0.522,0.504,0.529,0.529,0.539,0.518,0.481,0.491,0.505,0.525,0.542,0.551,0.543,0.546,0.548,0.545,0.546,0.517,0.500,0.442,0.446,0.467,0.504,0.518,0.509,0.502,0.507,0.561,0.476,0.436,0.501,0.392,0.395,0.395,0.449,0.413,0.457,0.428,0.420,0.411,0.404,0.379,0.057,0.125,0.127,0.135,0.301,0.310,0.313,0.299,0.210,0.220,0.218,0.240,0.057,0.061,0.060,0.058,0.111,0.109,0.111,0.098,0.058,0.058,0.063,0.068,0.054,0.046,0.045,0.045,0.057,0.056,0.057,0.057,0.046,0.045,0.045,0.047,0.049,0.045,0.045,0.044,0.046,0.045,0.047,0.047,0.046,0.046,0.045,0.045
12:54:10,37.0,0.509,0.490,0.508,0.510,0.529,0.535,0.535,0.518,0.540,0.538,0.548,0.529,0.498,0.505,0.518,0.541,0.557,0.570,0.560,0.563,0.559,0.559,0.559,0.529,0.515,0.462,0.465,0.489,0.522,0.535,0.528,0.522,0.523,0.566,0.488,0.452,0.516,0.412,0.418,0.417,0.468,0.433,0.478,0.452,0.438,0.430,0.421,0.397,0.058,0.137,0.140,0.148,0.325,0.339,0.340,0.328,0.236,0.246,0.244,0.266,0.057,0.063,0.062,0.059,0.123,0.120,0.123,0.107,0.061,0.060,0.066,0.071,0.055,0.046,0.045,0.045,0.059,0.058,0.059,0.059,0.046,0.045,0.045,0.047,0.049,0.045,0.045,0.044,0.046,0.045,0.047,0.048,0.046,0.046,0.045,0.045
13:19:10,37.1,0.522,0.501,0.523,0.523,0.541,0.547,0.542,0.534,0.544,0.546,0.558,0.539,0.511,0.522,0.535,0.556,0.570,0.580,0.570,0.574,0.569,0.567,0.569,0.538,0.531,0.475,0.480,0.503,0.535,0.550,0.544,0.538,0.533,0.580,0.504,0.463,0.532,0.430,0.441,0.438,0.490,0.457,0.502,0.467,0.457,0.445,0.442,0.416,0.058,0.152,0.155,0.163,0.346,0.365,0.364,0.355,0.263,0.274,0.269,0.291,0.057,0.065,0.064,0.061,0.136,0.133,0.136,0.118,0.064,0.063,0.069,0.075,0.055,0.046,0.045,0.045,0.061,0.060,0.061,0.061,0.046,0.046,0.045,0.048,0.050,0.045,0.045,0.044,0.047,0.046,0.047,0.048,0.046,0.046,0.045,0.045
13:44:10,37.0,0.529,0.514,0.531,0.532,0.550,0.553,0.552,0.542,0.554,0.554,0.564,0.547,0.523,0.532,0.546,0.568,0.580,0.592,0.584,0.587,0.580,0.577,0.581,0.545,0.540,0.492,0.497,0.521,0.550,0.565,0.559,0.553,0.547,0.605,0.513,0.477,0.541,0.449,0.461,0.460,0.505,0.474,0.519,0.491,0.472,0.461,0.461,0.431,0.059,0.168,0.172,0.181,0.367,0.388,0.386,0.379,0.289,0.300,0.292,0.314,0.057,0.068,0.066,0.063,0.152,0.149,0.152,0.131,0.067,0.066,0.073,0.080,0.055,0.046,0.045,0.045,0.063,0.063,0.064,0.064,0.047,0.046,0.046,0.048,0.050,0.046,0.045,0.044,0.047,0.046,0.048,0.048,0.046,0.046,0.045,0.045
14:09:10,37.1,0.532,0.523,0.543,0.542,0.560,0.563,0.557,0.543,0.560,0.558,0.572,0.553,0.537,0.545,0.557,0.578,0.593,0.601,0.598,0.593,0.582,0.584,0.588,0.554,0.554,0.502,0.509,0.531,0.560,0.576,0.575,0.569,0.555,0.619,0.522,0.487,0.553,0.465,0.481,0.478,0.519,0.488,0.536,0.502,0.488,0.473,0.472,0.449,0.059,0.187,0.191,0.202,0.388,0.410,0.407,0.399,0.313,0.322,0.314,0.335,0.058,0.070,0.069,0.066,0.170,0.166,0.170,0.146,0.070,0.069,0.077,0.085,0.056,0.046,0.045,0.045,0.066,0.065,0.066,0.067,0.047,0.046,0.046,0.048,0.050,0.046,0.045,0.044,0.047,0.046,0.048,0.048,0.046,0.046,0.045,0.045
14:34:10,37.0,0.541,0.532,0.550,0.551,0.566,0.570,0.565,0.549,0.565,0.566,0.579,0.560,0.543,0.554,0.566,0.585,0.598,0.609,0.601,0.602,0.590,0.586,0.593,0.563,0.562,0.514,0.521,0.544,0.572,0.589,0.586,0.578,0.565,0.626,0.529,0.497,0.563,0.481,0.501,0.497,0.529,0.500,0.546,0.521,0.496,0.488,0.485,0.461,0.060,0.208,0.212,0.225,0.406,0.433,0.428,0.421,0.335,0.344,0.333,0.356,0.058,0.074,0.072,0.068,0.191,0.186,0.190,0.163,0.074,0.073,0.082,0.091,0.056,0.046,0.045,0.045,0.069,0.068,0.070,0.070,0.047,0.046,0.046,0.049,0.050,0.046,0.045,0.044,0.048,0.047,0.048,0.049,0.046,0.046,0.045,0.045
14:59:10,37.0,0.546,0.541,0.557,0.557,0.571,0.575,0.572,0.554,0.571,0.571,0.580,0.567,0.553,0.562,0.572,0.593,0.604,0.618,0.606,0.611,0.596,0.593,0.598,0.567,0.570,0.523,0.530,0.548,0.578,0.593,0.597,0.586,0.573,0.640,0.538,0.507,0.572,0.495,0.517,0.511,0.543,0.514,0.562,0.532,0.508,0.498,0.499,0.476,0.060,0.230,0.235,0.250,0.424,0.455,0.448,0.441,0.355,0.364,0.352,0.375,0.059,0.078,0.075,0.071,0.213,0.209,0.213,0.182,0.078,0.078,0.087,0.098,0.057,0.046,0.045,0.045,0.072,0.071,0.073,0.073,0.048,0.047,0.047,0.050,0.050,0.046,0.045,0.045,0.048,0.047,0.049,0.049,0.046,0.046,0.045,0.045
15:24:10,37.0,0.552,0.544,0.564,0.564,0.577,0.582,0.576,0.559,0.574,0.574,0.587,0.570,0.560,0.570,0.581,0.600,0.610,0.623,0.615,0.617,0.601,0.597,0.601,0.573,0.579,0.532,0.538,0.557,0.584,0.601,0.600,0.591,0.578,0.645,0.546,0.514,0.577,0.504,0.535,0.525,0.553,0.524,0.572,0.547,0.517,0.511,0.509,0.486,0.060,0.254,0.259,0.276,0.442,0.473,0.468,0.463,0.374,0.383,0.369,0.392,0.059,0.082,0.079,0.075,0.237,0.233,0.237,0.204,0.083,0.083,0.094,0.105,0.057,0.046,0.045,0.045,0.076,0.075,0.077,0.077,0.048,0.047,0.047,0.050,0.051,0.046,0.046,0.045,0.049,0.047,0.049,0.050,0.046,0.046,0.045,0.045
15:49:10,37.0,0.557,0.550,0.567,0.567,0.581,0.586,0.581,0.561,0.577,0.578,0.590,0.576,0.564,0.574,0.585,0.605,0.614,0.631,0.622,0.624,0.605,0.602,0.606,0.578,0.583,0.540,0.547,0.563,0.592,0.609,0.608,0.601,0.581,0.646,0.550,0.522,0.581,0.515,0.542,0.532,0.564,0.537,0.586,0.556,0.527,0.518,0.521,0.498,0.061,0.280,0.283,0.302,0.460,0.495,0.487,0.483,0.392,0.401,0.387,0.409,0.059,0.086,0.083,0.079,0.262,0.258,0.263,0.228,0.089,0.088,0.101,0.114,0.057,0.046,0.045,0.045,0.080,0.079,0.081,0.081,0.049,0.048,0.048,0.051,0.051,0.046,0.045,0.045,0.049,0.048,0.049,0.050,0.046,0.046,0.045,0.045
16:14:10,37.0,0.561,0.555,0.573,0.573,0.585,0.589,0.583,0.566,0.580,0.580,0.592,0.578,0.570,0.581,0.591,0.611,0.618,0.635,0.624,0.628,0.609,0.605,0.609,0.580,0.588,0.545,0.551,0.570,0.596,0.613,0.616,0.608,0.583,0.648,0.558,0.527,0.586,0.525,0.553,0.544,0.572,0.544,0.594,0.569,0.534,0.529,0.528,0.506,0.061,0.301,0.306,0.321,0.474,0.513,0.504,0.500,0.407,0.418,0.402,0.424,0.059,0.091,0.088,0.083,0.288,0.283,0.288,0.252,0.096,0.095,0.109,0.124,0.057,0.046,0.045,0.045,0.085,0.084,0.086,0.086,0.049,0.048,0.048,0.052,0.051,0.046,0.046,0.045,0.050,0.048,0.050,0.050,0.046,0.046,0.046,0.045
16:39:10,37.0,0.566,0.558,0.577,0.578,0.588,0.592,0.586,0.568,0.581,0.582,0.594,0.580,0.573,0.585,0.595,0.614,0.621,0.640,0.627,0.632,0.611,0.607,0.611,0.584,0.593,0.553,0.559,0.577,0.602,0.620,0.622,0.613,0.587,0.647,0.561,0.534,0.591,0.533,0.564,0.553,0.580,0.554,0.604,0.576,0.544,0.535,0.538,0.515,0.061,0.323,0.325,0.342,0.490,0.530,0.521,0.520,0.422,0.434,0.417,0.439,0.060,0.097,0.093,0.088,0.312,0.307,0.313,0.276,0.104,0.102,0.119,0.137,0.058,0.046,0.045,0.045,0.091,0.089,0.091,0.091,0.050,0.049,0.049,0.053,0.051,0.046,0.046,0.045,0.050,0.049,0.050,0.051,0.046,0.046,0.046,0.045
17:04:10,37.0,0.570,0.563,0.581,0.581,0.589,0.594,0.588,0.569,0.583,0.584,0.596,0.582,0.577,0.589,0.599,0.619,0.624,0.643,0.629,0.635,0.614,0.610,0.614,0.586,0.596,0.556,0.561,0.582,0.606,0.623,0.627,0.619,0.589,0.650,0.566,0.539,0.593,0.542,0.573,0.563,0.589,0.561,0.612,0.586,0.548,0.541,0.543,0.524,0.062,0.342,0.343,0.361,0.501,0.547,0.535,0.534,0.437,0.451,0.432,0.452,0.060,0.103,0.099,0.093,0.336,0.331,0.336,0.300,0.112,0.111,0.130,0.149,0.058,0.046,0.045,0.045,0.097,0.095,0.098,0.097,0.051,0.050,0.050,0.054,0.051,0.046,0.046,0.045,0.050,0.049,0.051,0.051,0.047,0.046,0.045,0.045
17:29:10,37.0,0.571,0.566,0.585,0.585,0.591,0.596,0.589,0.570,0.584,0.585,0.597,0.584,0.581,0.593,0.603,0.622,0.627,0.647,0.632,0.638,0.615,0.610,0.615,0.587,0.602,0.562,0.567,0.587,0.610,0.628,0.629,0.622,0.593,0.652,0.569,0.541,0.598,0.548,0.582,0.569,0.592,0.568,0.617,0.594,0.556,0.548,0.550,0.528,0.062,0.361,0.360,0.380,0.514,0.559,0.548,0.550,0.450,0.464,0.445,0.466,0.061,0.111,0.106,0.100,0.358,0.352,0.358,0.322,0.123,0.122,0.143,0.164,0.058,0.046,0.045,0.045,0.104,0.102,0.105,0.104,0.051,0.051,0.051,0.055,0.052,0.046,0.046,0.045,0.051,0.049,0.051,0.051,0.047,0.046,0.045,0.044
17:54:10,37.0,0.575,0.569,0.588,0.587,0.593,0.597,0.591,0.572,0.585,0.586,0.599,0.585,0.583,0.595,0.605,0.625,0.628,0.649,0.634,0.640,0.616,0.611,0.616,0.589,0.603,0.566,0.570,0.591,0.613,0.631,0.634,0.628,0.594,0.656,0.571,0.546,0.600,0.555,0.588,0.578,0.599,0.574,0.625,0.599,0.559,0.552,0.557,0.536,0.062,0.379,0.378,0.398,0.523,0.573,0.558,0.560,0.463,0.477,0.459,0.477,0.061,0.119,0.114,0.107,0.378,0.371,0.379,0.344,0.134,0.133,0.158,0.181,0.059,0.046,0.045,0.046,0.113,0.111,0.114,0.113,0.052,0.052,0.052,0.057,0.052,0.046,0.046,0.045,0.051,0.050,0.051,0.052,0.047,0.046,0.045,0.044
18:19:10,37.1,0.577,0.572,0.590,0.591,0.595,0.598,0.593,0.572,0.585,0.585,0.599,0.586,0.585,0.598,0.608,0.628,0.629,0.652,0.636,0.642,0.618,0.612,0.617,0.590,0.606,0.569,0.574,0.595,0.614,0.633,0.637,0.630,0.595,0.658,0.575,0.549,0.602,0.558,0.596,0.582,0.602,0.578,0.629,0.606,0.565,0.559,0.560,0.540,0.062,0.397,0.394,0.415,0.533,0.583,0.570,0.574,0.476,0.491,0.469,0.489,0.061,0.129,0.123,0.115,0.397,0.390,0.398,0.364,0.148,0.146,0.174,0.198,0.059,0.047,0.046,0.046,0.122,0.120,0.123,0.122,0.053,0.053,0.054,0.058,0.052,0.046,0.046,0.045,0.052,0.050,0.052,0.052,0.047,0.046,0.045,0.044
18:44:10,37.0,0.579,0.573,0.593,0.592,0.595,0.599,0.592,0.573,0.585,0.586,0.600,0.586,0.587,0.600,0.610,0.631,0.630,0.652,0.637,0.643,0.618,0.612,0.618,0.591,0.608,0.572,0.577,0.598,0.616,0.636,0.640,0.633,0.597,0.661,0.576,0.551,0.603,0.564,0.601,0.589,0.608,0.584,0.636,0.610,0.568,0.561,0.567,0.545,0.063,0.414,0.410,0.432,0.540,0.593,0.577,0.581,0.486,0.501,0.481,0.499,0.061,0.140,0.133,0.125,0.414,0.407,0.416,0.382,0.164,0.161,0.192,0.216,0.059,0.047,0.046,0.046,0.133,0.130,0.134,0.133,0.055,0.054,0.055,0.060,0.052,0.047,0.046,0.045,0.052,0.051,0.052,0.053,0.047,0.046,0.045,0.044
19:09:10,37.0,0.580,0.574,0.594,0.593,0.596,0.600,0.593,0.573,0.585,0.586,0.600,0.586,0.587,0.602,0.612,0.632,0.631,0.654,0.638,0.645,0.618,0.613,0.618,0.591,0.609,0.575,0.578,0.600,0.618,0.638,0.642,0.636,0.598,0.663,0.578,0.553,0.604,0.567,0.609,0.593,0.611,0.587,0.639,0.616,0.572,0.567,0.569,0.550,0.063,0.429,0.425,0.448,0.548,0.601,0.587,0.593,0.497,0.513,0.489,0.508,0.062,0.152,0.145,0.135,0.430,0.424,0.432,0.400,0.182,0.178,0.213,0.235,0.059,0.047,0.046,0.046,0.146,0.142,0.147,0.145,0.056,0.056,0.057,0.063,0.053,0.047,0.046,0.045,0.053,0.051,0.053,0.053,0.047,0.046,0.045,0.044
19:34:10,37.1,0.580,0.575,0.595,0.594,0.597,0.601,0.594,0.573,0.586,0.586,0.600,0.586,0.588,0.602,0.614,0.634,0.632,0.654,0.639,0.645,0.618,0.613,0.618,0.592,0.612,0.578,0.581,0.602,0.619,0.640,0.645,0.639,0.598,0.664,0.579,0.555,0.605,0.571,0.613,0.599,0.614,0.591,0.645,0.618,0.575,0.569,0.574,0.552,0.063,0.445,0.439,0.462,0.554,0.609,0.593,0.598,0.505,0.520,0.500,0.517,0.062,0.165,0.157,0.146,0.446,0.439,0.448,0.415,0.202,0.196,0.234,0.253,0.059,0.047,0.046,0.046,0.159,0.156,0.161,0.160,0.058,0.058,0.059,0.065,0.053,0.047,0.046,0.045,0.053,0.052,0.053,0.054,0.047,0.046,0.045,0.044
19:59:10,37.1,0.580,0.576,0.595,0.594,0.597,0.601,0.595,0.574,0.586,0.586,0.600,0.586,0.588,0.602,0.615,0.635,0.632,0.656,0.641,0.647,0.619,0.613,0.618,0.592,0.613,0.580,0.582,0.605,0.620,0.641,0.647,0.641,0.599,0.664,0.580,0.556,0.605,0.575,0.618,0.602,0.616,0.593,0.647,0.623,0.577,0.572,0.576,0.556,0.063,0.458,0.451,0.475,0.560,0.616,0.600,0.607,0.515,0.531,0.504,0.523,0.062,0.179,0.169,0.158,0.460,0.454,0.462,0.431,0.223,0.214,0.255,0.270,0.060,0.048,0.046,0.046,0.175,0.172,0.177,0.176,0.060,0.060,0.062,0.067,0.053,0.047,0.046,0.045,0.054,0.052,0.054,0.054,0.046,0.046,0.045,0.044
20:24:10,37.1,0.580,0.577,0.597,0.595,0.598,0.602,0.594,0.574,0.585,0.586,0.600,0.586,0.587,0.603,0.616,0.636,0.633,0.656,0.641,0.647,0.619,0.614,0.618,0.592,0.613,0.582,0.585,0.606,0.620,0.642,0.648,0.642,0.600,0.665,0.581,0.558,0.605,0.577,0.621,0.606,0.618,0.596,0.651,0.626,0.580,0.574,0.580,0.559,0.064,0.469,0.464,0.487,0.565,0.621,0.606,0.611,0.521,0.537,0.513,0.531,0.062,0.195,0.185,0.173,0.473,0.466,0.476,0.445,0.246,0.233,0.276,0.286,0.060,0.048,0.047,0.046,0.193,0.188,0.194,0.193,0.062,0.062,0.064,0.070,0.053,0.047,0.046,0.045,0.055,0.053,0.054,0.055,0.046,0.046,0.045,0.044
20:49:10,37.0,0.579,0.578,0.598,0.597,0.598,0.602,0.595,0.575,0.586,0.586,0.600,0.587,0.587,0.604,0.615,0.637,0.634,0.657,0.642,0.648,0.618,0.613,0.617,0.592,0.613,0.584,0.586,0.608,0.622,0.643,0.649,0.643,0.600,0.666,0.582,0.559,0.605,0.580,0.625,0.609,0.621,0.597,0.652,0.628,0.581,0.576,0.582,0.561,0.064,0.482,0.475,0.500,0.569,0.627,0.610,0.619,0.529,0.544,0.518,0.535,0.062,0.214,0.202,0.190,0.487,0.480,0.490,0.459,0.269,0.251,0.296,0.300,0.060,0.048,0.047,0.047,0.211,0.206,0.212,0.213,0.065,0.065,0.067,0.072,0.054,0.047,0.047,0.045,0.056,0.054,0.055,0.056,0.046,0.046,0.045,0.044
21:14:10,37.0,0.579,0.578,0.599,0.597,0.598,0.603,0.595,0.575,0.585,0.586,0.600,0.587,0.587,0.604,0.616,0.638,0.634,0.658,0.642,0.649,0.618,0.613,0.617,0.592,0.614,0.585,0.587,0.610,0.622,0.644,0.651,0.645,0.600,0.666,0.582,0.560,0.604,0.582,0.628,0.612,0.622,0.599,0.655,0.631,0.584,0.579,0.583,0.565,0.064,0.492,0.484,0.509,0.574,0.631,0.616,0.622,0.534,0.550,0.524,0.542,0.062,0.232,0.219,0.207,0.498,0.491,0.501,0.470,0.291,0.268,0.316,0.314,0.060,0.049,0.047,0.047,0.231,0.226,0.231,0.233,0.068,0.068,0.071,0.075,0.054,0.047,0.046,0.045,0.056,0.055,0.056,0.056,0.046,0.046,0.045,0.043
21:39:10,37.1,0.577,0.577,0.599,0.597,0.599,0.603,0.595,0.575,0.585,0.586,0.600,0.587,0.587,0.604,0.617,0.638,0.635,0.659,0.643,0.650,0.618,0.613,0.617,0.592,0.615,0.587,0.588,0.611,0.622,0.644,0.652,0.646,0.600,0.666,0.582,0.561,0.603,0.584,0.630,0.614,0.623,0.601,0.657,0.633,0.585,0.580,0.586,0.566,0.064,0.503,0.493,0.520,0.577,0.637,0.620,0.629,0.541,0.556,0.530,0.547,0.062,0.252,0.238,0.226,0.511,0.504,0.515,0.484,0.312,0.284,0.333,0.326,0.060,0.050,0.048,0.048,0.250,0.245,0.251,0.253,0.071,0.071,0.074,0.078,0.054,0.047,0.047,0.046,0.057,0.055,0.056,0.057,0.046,0.046,0.045,0.043
22:04:10,37.1,0.576,0.576,0.598,0.597,0.599,0.603,0.596,0.575,0.585,0.586,0.600,0.587,0.586,0.604,0.618,0.639,0.636,0.659,0.644,0.650,0.618,0.612,0.617,0.593,0.615,0.588,0.589,0.613,0.623,0.644,0.653,0.647,0.600,0.666,0.583,0.562,0.603,0.586,0.634,0.616,0.625,0.602,0.658,0.635,0.586,0.581,0.588,0.568,0.064,0.511,0.502,0.528,0.582,0.640,0.624,0.632,0.545,0.562,0.534,0.552,0.063,0.272,0.260,0.247,0.521,0.514,0.525,0.494,0.332,0.298,0.349,0.337,0.061,0.050,0.048,0.048,0.269,0.265,0.269,0.274,0.074,0.075,0.078,0.081,0.054,0.047,0.047,0.046,0.057,0.056,0.057,0.058,0.046,0.046,0.045,0.043
22:29:10,37.1,0.574,0.576,0.598,0.597,0.600,0.603,0.596,0.575,0.584,0.585,0.600,0.586,0.585,0.604,0.619,0.639,0.636,0.660,0.644,0.650,0.618,0.612,0.617,0.593,0.615,0.589,0.590,0.615,0.623,0.645,0.653,0.648,0.600,0.666,0.583,0.562,0.603,0.588,0.636,0.618,0.626,0.604,0.660,0.636,0.587,0.583,0.590,0.569,0.064,0.520,0.509,0.537,0.584,0.645,0.627,0.636,0.550,0.566,0.539,0.557,0.063,0.292,0.281,0.268,0.533,0.525,0.537,0.507,0.350,0.312,0.364,0.348,0.061,0.051,0.049,0.048,0.288,0.283,0.287,0.294,0.078,0.079,0.082,0.085,0.054,0.047,0.047,0.046,0.058,0.056,0.057,0.058,0.046,0.046,0.045,0.043
22:54:10,37.1,0.572,0.576,0.598,0.597,0.600,0.604,0.596,0.575,0.584,0.585,0.599,0.586,0.584,0.605,0.620,0.640,0.636,0.660,0.645,0.651,0.617,0.612,0.616,0.592,0.614,0.590,0.591,0.616,0.624,0.646,0.654,0.649,0.601,0.666,0.583,0.562,0.602,0.589,0.638,0.620,0.627,0.605,0.661,0.636,0.588,0.584,0.590,0.570,0.064,0.528,0.518,0.544,0.588,0.647,0.631,0.640,0.555,0.571,0.542,0.560,0.063,0.311,0.302,0.288,0.540,0.533,0.545,0.516,0.367,0.325,0.378,0.358,0.061,0.051,0.049,0.049,0.306,0.301,0.304,0.313,0.082,0.083,0.087,0.089,0.055,0.048,0.047,0.046,0.059,0.057,0.058,0.058,0.046,0.046,0.045,0.043
23:19:10,37.0,0.570,0.575,0.597,0.597,0.600,0.604,0.596,0.574,0.584,0.585,0.599,0.586,0.583,0.605,0.620,0.641,0.636,0.660,0.645,0.651,0.617,0.611,0.616,0.592,0.615,0.591,0.592,0.617,0.624,0.646,0.654,0.648,0.600,0.666,0.583,0.561,0.602,0.590,0.640,0.622,0.628,0.606,0.662,0.638,0.589,0.584,0.591,0.571,0.064,0.535,0.523,0.551,0.590,0.651,0.633,0.643,0.558,0.574,0.546,0.565,0.063,0.328,0.322,0.309,0.550,0.543,0.554,0.526,0.383,0.337,0.392,0.368,0.061,0.052,0.050,0.050,0.323,0.317,0.320,0.331,0.087,0.089,0.092,0.093,0.055,0.047,0.047,0.046,0.059,0.057,0.058,0.059,0.046,0.046,0.045,0.043
23:44:10,37.0,0.569,0.574,0.597,0.597,0.600,0.604,0.596,0.574,0.583,0.584,0.599,0.586,0.582,0.605,0.621,0.641,0.636,0.661,0.645,0.652,0.617,0.611,0.615,0.592,0.615,0.592,0.591,0.619,0.624,0.646,0.655,0.649,0.601,0.666,0.583,0.561,0.601,0.592,0.641,0.623,0.628,0.606,0.662,0.639,0.590,0.586,0.593,0.572,0.065,0.541,0.530,0.558,0.593,0.653,0.637,0.646,0.562,0.579,0.548,0.568,0.063,0.346,0.341,0.330,0.556,0.549,0.561,0.534,0.398,0.349,0.405,0.378,0.061,0.053,0.051,0.051,0.338,0.333,0.335,0.348,0.093,0.094,0.098,0.098,0.055,0.048,0.047,0.046,0.060,0.057,0.058,0.059,0.046,0.046,0.045,0.043
24:09:10,37.1,0.566,0.573,0.596,0.596,0.599,0.603,0.596,0.574,0.583,0.584,0.599,0.585,0.581,0.605,0.621,0.641,0.636,0.661,0.646,0.652,0.617,0.611,0.615,0.592,0.614,0.593,0.592,0.620,0.624,0.646,0.656,0.649,0.600,0.666,0.583,0.561,0.600,0.594,0.643,0.625,0.629,0.607,0.662,0.639,0.591,0.586,0.593,0.573,0.065,0.548,0.535,0.564,0.594,0.657,0.639,0.649,0.565,0.581,0.552,0.571,0.063,0.361,0.360,0.350,0.564,0.557,0.570,0.542,0.413,0.360,0.417,0.386,0.061,0.054,0.052,0.052,0.352,0.347,0.348,0.364,0.099,0.101,0.105,0.103,0.055,0.048,0.047,0.046,0.060,0.058,0.059,0.060,0.046,0.046,0.045,0.043
24:34:10,37.1,0.563,0.572,0.595,0.595,0.598,0.603,0.595,0.574,0.583,0.583,0.599,0.585,0.579,0.605,0.621,0.642,0.636,0.661,0.646,0.653,0.616,0.610,0.615,0.591,0.613,0.593,0.591,0.621,0.624,0.646,0.655,0.650,0.600,0.665,0.584,0.561,0.600,0.594,0.645,0.627,0.630,0.608,0.663,0.639,0.591,0.587,0.594,0.574,0.065,0.554,0.541,0.569,0.597,0.659,0.641,0.652,0.569,0.585,0.555,0.574,0.063,0.376,0.376,0.368,0.569,0.561,0.575,0.547,0.426,0.370,0.426,0.394,0.061,0.056,0.053,0.053,0.365,0.361,0.361,0.378,0.106,0.108,0.113,0.109,0.056,0.047,0.047,0.046,0.060,0.058,0.059,0.060,0.046,0.046,0.045,0.043
24:59:10,37.0,0.561,0.571,0.595,0.595,0.597,0.601,0.594,0.573,0.582,0.583,0.598,0.584,0.578,0.604,0.623,0.642,0.636,0.661,0.646,0.653,0.616,0.610,0.613,0.591,0.612,0.594,0.592,0.622,0.624,0.647,0.656,0.650,0.599,0.664,0.583,0.561,0.599,0.596,0.647,0.628,0.630,0.608,0.663,0.640,0.591,0.587,0.595,0.574,0.065,0.560,0.545,0.575,0.599,0.661,0.643,0.653,0.570,0.587,0.558,0.574,0.064,0.390,0.392,0.386,0.575,0.569,0.581,0.555,0.438,0.379,0.437,0.402,0.061,0.058,0.054,0.054,0.377,0.372,0.371,0.391,0.114,0.117,0.121,0.114,0.056,0.048,0.047,0.046,0.061,0.058,0.059,0.060,0.046,0.046,0.045,0.042
25:24:10,37.1,0.558,0.569,0.594,0.594,0.596,0.601,0.594,0.573,0.581,0.582,0.598,0.584,0.577,0.604,0.623,0.642,0.636,0.662,0.646,0.653,0.615,0.609,0.613,0.591,0.612,0.595,0.592,0.623,0.624,0.647,0.657,0.650,0.599,0.665,0.583,0.561,0.599,0.597,0.648,0.629,0.630,0.609,0.664,0.640,0.591,0.588,0.595,0.574,0.065,0.565,0.552,0.580,0.599,0.662,0.644,0.656,0.574,0.591,0.560,0.577,0.064,0.403,0.406,0.402,0.579,0.572,0.585,0.559,0.450,0.387,0.446,0.409,0.061,0.059,0.056,0.056,0.388,0.383,0.382,0.403,0.124,0.126,0.130,0.121,0.056,0.048,0.047,0.046,0.061,0.058,0.059,0.060,0.046,0.046,0.045,0.042
25:49:10,37.1,0.554,0.567,0.593,0.593,0.596,0.600,0.593,0.572,0.581,0.581,0.597,0.583,0.576,0.604,0.623,0.643,0.636,0.662,0.646,0.653,0.615,0.609,0.612,0.590,0.611,0.596,0.592,0.624,0.623,0.647,0.657,0.651,0.599,0.664,0.582,0.560,0.599,0.598,0.649,0.630,0.631,0.609,0.664,0.641,0.592,0.588,0.595,0.574,0.065,0.571,0.554,0.584,0.601,0.664,0.646,0.657,0.575,0.592,0.561,0.578,0.064,0.415,0.420,0.416,0.585,0.578,0.592,0.566,0.460,0.394,0.456,0.416,0.061,0.062,0.057,0.058,0.399,0.394,0.392,0.415,0.134,0.137,0.140,0.128,0.056,0.047,0.047,0.046,0.062,0.058,0.059,0.060,0.046,0.046,0.044,0.042
26:14:10,37.0,0.551,0.566,0.591,0.592,0.595,0.600,0.593,0.572,0.580,0.581,0.597,0.583,0.575,0.603,0.623,0.643,0.636,0.662,0.647,0.654,0.614,0.608,0.611,0.590,0.610,0.596,0.592,0.624,0.623,0.647,0.657,0.651,0.598,0.663,0.582,0.559,0.599,0.599,0.649,0.632,0.630,0.609,0.664,0.641,0.592,0.588,0.596,0.574,0.065,0.574,0.560,0.588,0.602,0.666,0.648,0.659,0.578,0.595,0.565,0.579,0.064,0.426,0.432,0.430,0.589,0.581,0.595,0.569,0.469,0.401,0.464,0.421,0.062,0.064,0.059,0.060,0.409,0.404,0.401,0.425,0.145,0.148,0.151,0.134,0.057,0.047,0.047,0.046,0.062,0.058,0.059,0.060,0.046,0.045,0.044,0.042
26:39:10,37.0,0.547,0.564,0.590,0.591,0.595,0.599,0.592,0.571,0.580,0.580,0.596,0.582,0.573,0.603,0.623,0.643,0.636,0.661,0.646,0.654,0.614,0.607,0.611,0.589,0.608,0.596,0.592,0.625,0.623,0.647,0.657,0.651,0.598,0.662,0.582,0.558,0.598,0.599,0.650,0.632,0.631,0.610,0.665,0.641,0.592,0.589,0.596,0.574,0.066,0.579,0.562,0.592,0.604,0.668,0.649,0.660,0.579,0.596,0.566,0.580,0.064,0.438,0.444,0.442,0.593,0.586,0.600,0.574,0.478,0.407,0.471,0.426,0.062,0.066,0.061,0.062,0.418,0.413,0.410,0.435,0.158,0.160,0.162,0.140,0.057,0.047,0.047,0.046,0.062,0.058,0.059,0.060,0.046,0.046,0.044,0.042
27:04:10,37.0,0.542,0.561,0.589,0.590,0.594,0.598,0.592,0.570,0.579,0.579,0.596,0.582,0.572,0.603,0.623,0.643,0.636,0.660,0.647,0.654,0.613,0.607,0.611,0.589,0.607,0.597,0.592,0.625,0.623,0.647,0.657,0.651,0.596,0.661,0.581,0.557,0.597,0.598,0.649,0.633,0.631,0.610,0.665,0.641,0.592,0.588,0.595,0.574,0.066,0.583,0.567,0.596,0.605,0.670,0.651,0.662,0.581,0.598,0.567,0.580,0.064,0.448,0.455,0.454,0.596,0.589,0.603,0.578,0.487,0.414,0.479,0.431,0.062,0.069,0.064,0.065,0.426,0.421,0.417,0.444,0.172,0.172,0.174,0.146,0.057,0.047,0.047,0.046,0.061,0.058,0.059,0.060,0.045,0.045,0.044,0.041
27:29:10,37.0,0.537,0.559,0.587,0.588,0.592,0.597,0.591,0.569,0.577,0.578,0.595,0.580,0.570,0.602,0.624,0.643,0.636,0.661,0.647,0.654,0.612,0.605,0.609,0.588,0.606,0.596,0.592,0.626,0.623,0.647,0.658,0.651,0.596,0.660,0.581,0.556,0.596,0.598,0.650,0.634,0.631,0.610,0.665,0.641,0.591,0.588,0.596,0.573,0.066,0.588,0.569,0.599,0.606,0.671,0.653,0.663,0.582,0.599,0.568,0.582,0.064,0.457,0.465,0.464,0.599,0.593,0.606,0.581,0.494,0.419,0.486,0.436,0.062,0.071,0.066,0.068,0.434,0.429,0.425,0.453,0.186,0.187,0.185,0.154,0.057,0.047,0.047,0.046,0.062,0.058,0.059,0.060,0.046,0.045,0.044,0.041
27:54:10,37.0,0.531,0.557,0.585,0.587,0.591,0.596,0.589,0.568,0.576,0.577,0.594,0.580,0.568,0.601,0.623,0.643,0.636,0.661,0.646,0.654,0.611,0.605,0.609,0.588,0.604,0.596,0.592,0.626,0.623,0.648,0.658,0.651,0.596,0.660,0.580,0.555,0.596,0.598,0.651,0.635,0.631,0.611,0.664,0.641,0.592,0.588,0.595,0.572,0.066,0.591,0.573,0.603,0.607,0.673,0.654,0.665,0.584,0.600,0.569,0.582,0.064,0.466,0.474,0.474,0.603,0.596,0.610,0.585,0.502,0.424,0.491,0.440,0.062,0.074,0.069,0.070,0.441,0.436,0.432,0.462,0.202,0.200,0.197,0.160,0.057,0.047,0.047,0.046,0.061,0.057,0.059,0.060,0.045,0.045,0.043,0.041
28:19:10,37.0,0.526,0.554,0.584,0.585,0.590,0.596,0.589,0.567,0.575,0.576,0.593,0.579,0.567,0.601,0.624,0.643,0.636,0.660,0.646,0.654,0.611,0.605,0.608,0.587,0.603,0.596,0.591,0.627,0.622,0.648,0.657,0.652,0.595,0.659,0.580,0.554,0.595,0.598,0.652,0.635,0.630,0.611,0.664,0.641,0.591,0.588,0.594,0.571,0.066,0.594,0.576,0.606,0.608,0.674,0.655,0.666,0.584,0.602,0.570,0.582,0.064,0.474,0.483,0.483,0.605,0.598,0.613,0.588,0.509,0.429,0.499,0.444,0.062,0.077,0.071,0.073,0.449,0.444,0.439,0.469,0.217,0.213,0.208,0.166,0.058,0.047,0.047,0.046,0.061,0.057,0.059,0.060,0.045,0.045,0.043,0.041
28:44:10,37.0,0.521,0.551,0.581,0.584,0.588,0.594,0.588,0.566,0.574,0.575,0.592,0.578,0.565,0.600,0.624,0.643,0.636,0.660,0.646,0.653,0.610,0.604,0.607,0.586,0.602,0.597,0.591,0.627,0.622,0.647,0.657,0.651,0.594,0.657,0.579,0.553,0.594,0.598,0.652,0.636,0.631,0.611,0.665,0.641,0.590,0.588,0.594,0.570,0.066,0.597,0.578,0.608,0.610,0.676,0.657,0.668,0.585,0.603,0.571,0.581,0.064,0.482,0.491,0.492,0.608,0.601,0.615,0.591,0.515,0.434,0.503,0.449,0.062,0.081,0.075,0.077,0.454,0.450,0.444,0.476,0.233,0.226,0.219,0.172,0.058,0.047,0.047,0.046,0.060,0.057,0.058,0.059,0.045,0.044,0.043,0.041
29:09:10,37.0,0.515,0.548,0.579,0.582,0.587,0.593,0.586,0.565,0.572,0.573,0.591,0.577,0.563,0.599,0.623,0.643,0.635,0.660,0.645,0.653,0.609,0.603,0.606,0.585,0.600,0.596,0.590,0.627,0.621,0.647,0.657,0.652,0.594,0.657,0.578,0.551,0.593,0.598,0.652,0.636,0.630,0.611,0.665,0.641,0.590,0.587,0.593,0.568,0.066,0.600,0.581,0.611,0.610,0.676,0.657,0.669,0.586,0.604,0.571,0.579,0.064,0.488,0.499,0.500,0.608,0.602,0.616,0.593,0.521,0.437,0.509,0.451,0.062,0.085,0.078,0.081,0.461,0.456,0.451,0.483,0.248,0.239,0.229,0.177,0.058,0.047,0.047,0.046,0.060,0.056,0.058,0.059,0.045,0.044,0.043,0.040
29:34:10,37.0,0.508,0.545,0.577,0.580,0.585,0.591,0.585,0.563,0.571,0.572,0.590,0.576,0.560,0.599,0.623,0.643,0.634,0.659,0.645,0.652,0.608,0.602,0.605,0.584,0.599,0.595,0.590,0.627,0.621,0.647,0.657,0.652,0.593,0.656,0.578,0.550,0.592,0.597,0.653,0.636,0.630,0.611,0.664,0.641,0.590,0.586,0.592,0.567,0.066,0.602,0.583,0.613,0.611,0.678,0.658,0.670,0.587,0.604,0.572,0.578,0.064,0.495,0.505,0.508,0.611,0.603,0.618,0.595,0.525,0.442,0.513,0.456,0.062,0.090,0.082,0.086,0.466,0.461,0.455,0.489,0.262,0.251,0.240,0.182,0.058,0.047,0.047,0.046,0.060,0.056,0.058,0.059,0.045,0.044,0.043,0.040
29:59:10,37.0,0.502,0.541,0.575,0.578,0.584,0.590,0.583,0.562,0.570,0.571,0.588,0.574,0.558,0.598,0.623,0.643,0.634,0.659,0.644,0.652,0.607,0.601,0.604,0.583,0.597,0.595,0.590,0.628,0.620,0.647,0.657,0.651,0.591,0.654,0.577,0.549,0.590,0.597,0.652,0.637,0.630,0.611,0.664,0.640,0.589,0.586,0.592,0.565,0.066,0.604,0.585,0.615,0.611,0.679,0.659,0.670,0.587,0.605,0.572,0.576,0.064,0.502,0.514,0.515,0.612,0.604,0.620,0.595,0.531,0.444,0.518,0.459,0.062,0.095,0.087,0.091,0.472,0.468,0.461,0.496,0.276,0.262,0.249,0.186,0.058,0.047,0.046,0.046,0.060,0.055,0.058,0.059,0.044,0.044,0.043,0.040
30:24:10,,0.493,0.537,0.572,0.575,0.582,0.588,0.582,0.560,0.569,0.570,0.587,0.573,0.556,0.596,0.622,0.642,0.633,0.658,0.644,0.651,0.607,0.600,0.604,0.582,0.595,0.594,0.588,0.628,0.620,0.647,0.657,0.651,0.590,0.654,0.576,0.547,,,,,,,,,,,,,,,,,,,,,,,,,,,,,,,,,,,,,,,,,,,,,,,,,,,,,,,,,,,,

