0:24:10,37.0,0.042,0.037,0.042,0.038,0.040,0.039,0.042,0.056,0.042,0.043,0.043,0.042,0.038,0.042,0.042,0.042,0.042,0.051,0.038,0.038,0.038,0.040,0.039,0.038,0.041,0.037,0.037,0.037,0.039,0.038,0.043,0.043,0.042,0.042,0.043,0.043,0.038,0.042,0.043,0.042,0.041,0.042,0.038,0.038,0.038,0.038,0.039,0.038,0.042,0.039,0.039,0.039,0.039,0.037,0.044,0.042,0.042,0.042,0.042,0.042,0.039,0.043,0.045,0.043,0.042,0.041,0.038,0.039,0.038,0.037,0.037,0.038,0.042,0.040,0.040,0.039,0.040,0.038,0.043,0.042,0.041,0.042,0.041,0.042,0.038,0.044,0.043,0.043,0.041,0.042,0.038,0.040,0.038,0.037,0.037,0.038
0:49:10,37.1,0.043,0.037,0.043,0.038,0.040,0.039,0.043,0.058,0.043,0.043,0.044,0.043,0.038,0.043,0.043,0.043,0.043,0.063,0.039,0.038,0.038,0.040,0.039,0.038,0.042,0.037,0.037,0.037,0.039,0.038,0.044,0.043,0.043,0.043,0.044,0.044,0.038,0.043,0.044,0.043,0.043,0.043,0.038,0.038,0.038,0.038,0.039,0.038,0.043,0.039,0.039,0.039,0.040,0.037,0.045,0.043,0.043,0.043,0.043,0.043,0.039,0.044,0.046,0.045,0.044,0.043,0.038,0.039,0.038,0.037,0.037,0.038,0.043,0.040,0.040,0.039,0.040,0.038,0.044,0.043,0.042,0.043,0.042,0.043,0.038,0.045,0.044,0.044,0.042,0.043,0.038,0.040,0.038,0.037,0.037,0.038
1:14:10,37.0,0.044,0.037,0.043,0.038,0.040,0.039,0.044,0.060,0.044,0.045,0.045,0.044,0.038,0.044,0.044,0.044,0.045,0.061,0.039,0.038,0.038,0.040,0.039,0.038,0.043,0.037,0.037,0.037,0.039,0.038,0.045,0.045,0.044,0.045,0.045,0.045,0.038,0.045,0.047,0.044,0.044,0.045,0.038,0.038,0.038,0.038,0.039,0.038,0.044,0.039,0.040,0.039,0.040,0.037,0.047,0.044,0.045,0.044,0.044,0.044,0.039,0.046,0.048,0.046,0.045,0.044,0.038,0.039,0.038,0.037,0.037,0.038,0.044,0.040,0.040,0.039,0.040,0.038,0.046,0.045,0.044,0.045,0.043,0.045,0.038,0.046,0.046,0.046,0.043,0.045,0.038,0.040,0.038,0.038,0.037,0.038
1:39:10,37.0,0.046,0.037,0.043,0.038,0.040,0.039,0.046,0.062,0.046,0.047,0.047,0.046,0.038,0.046,0.046,0.046,0.047,0.062,0.039,0.038,0.038,0.039,0.039,0.038,0.045,0.037,0.037,0.037,0.039,0.038,0.048,0.047,0.046,0.047,0.047,0.047,0.038,0.047,0.049,0.046,0.046,0.047,0.038,0.038,0.038,0.038,0.039,0.037,0.046,0.039,0.040,0.039,0.040,0.037,0.050,0.046,0.047,0.046,0.045,0.046,0.039,0.048,0.051,0.048,0.047,0.046,0.038,0.039,0.038,0.037,0.037,0.038,0.046,0.040,0.040,0.039,0.040,0.038,0.048,0.047,0.046,0.046,0.045,0.047,0.038,0.049,0.048,0.047,0.045,0.047,0.038,0.040,0.038,0.038,0.037,0.038
2:04:10,37.0,0.048,0.037,0.044,0.038,0.040,0.039,0.049,0.065,0.049,0.049,0.049,0.049,0.038,0.049,0.049,0.049,0.050,0.072,0.038,0.038,0.038,0.040,0.039,0.038,0.048,0.037,0.037,0.037,0.039,0.038,0.051,0.050,0.048,0.049,0.050,0.049,0.038,0.049,0.052,0.049,0.049,0.050,0.038,0.038,0.038,0.038,0.039,0.038,0.049,0.039,0.039,0.039,0.040,0.037,0.053,0.049,0.049,0.049,0.048,0.048,0.039,0.051,0.054,0.051,0.050,0.049,0.038,0.039,0.038,0.038,0.037,0.038,0.049,0.040,0.040,0.039,0.040,0.038,0.051,0.049,0.048,0.049,0.047,0.049,0.038,0.051,0.050,0.050,0.047,0.049,0.038,0.040,0.038,0.038,0.037,0.038
2:29:10,37.0,0.051,0.037,0.044,0.038,0.040,0.039,0.052,0.068,0.052,0.052,0.052,0.051,0.038,0.052,0.052,0.052,0.053,0.072,0.039,0.038,0.038,0.040,0.039,0.038,0.051,0.037,0.037,0.037,0.039,0.038,0.055,0.053,0.051,0.052,0.052,0.052,0.038,0.053,0.056,0.052,0.053,0.053,0.038,0.038,0.038,0.038,0.039,0.038,0.052,0.039,0.039,0.039,0.040,0.037,0.057,0.052,0.052,0.052,0.051,0.051,0.039,0.054,0.058,0.054,0.054,0.052,0.038,0.039,0.038,0.038,0.037,0.038,0.052,0.040,0.040,0.039,0.040,0.038,0.054,0.052,0.051,0.052,0.050,0.052,0.038,0.054,0.053,0.053,0.049,0.052,0.039,0.040,0.038,0.038,0.037,0.038
2:54:10,37.0,0.055,0.037,0.044,0.038,0.040,0.039,0.056,0.072,0.055,0.056,0.055,0.055,0.038,0.057,0.056,0.056,0.058,0.074,0.038,0.038,0.038,0.040,0.039,0.038,0.054,0.037,0.037,0.037,0.039,0.038,0.060,0.057,0.055,0.056,0.056,0.055,0.038,0.057,0.061,0.057,0.058,0.058,0.038,0.038,0.038,0.038,0.039,0.038,0.055,0.039,0.039,0.039,0.040,0.037,0.062,0.056,0.056,0.056,0.054,0.054,0.039,0.058,0.063,0.058,0.058,0.056,0.038,0.039,0.038,0.037,0.037,0.038,0.055,0.040,0.040,0.039,0.040,0.038,0.059,0.057,0.054,0.056,0.053,0.055,0.038,0.058,0.057,0.056,0.053,0.056,0.039,0.040,0.038,0.037,0.037,0.038
3:19:10,37.1,0.058,0.037,0.044,0.038,0.040,0.039,0.061,0.077,0.060,0.061,0.059,0.060,0.039,0.062,0.061,0.061,0.063,0.070,0.038,0.038,0.038,0.040,0.039,0.038,0.059,0.037,0.037,0.037,0.039,0.038,0.067,0.063,0.059,0.061,0.061,0.059,0.038,0.062,0.067,0.062,0.064,0.063,0.038,0.038,0.038,0.038,0.039,0.038,0.060,0.039,0.039,0.039,0.039,0.037,0.069,0.062,0.060,0.061,0.059,0.059,0.039,0.062,0.069,0.063,0.064,0.061,0.038,0.039,0.038,0.038,0.037,0.038,0.060,0.040,0.040,0.039,0.040,0.038,0.064,0.062,0.058,0.060,0.057,0.059,0.038,0.063,0.061,0.061,0.057,0.060,0.039,0.040,0.038,0.038,0.037,0.038
3:44:10,37.1,0.063,0.037,0.044,0.038,0.040,0.039,0.067,0.083,0.066,0.066,0.065,0.065,0.039,0.069,0.068,0.067,0.070,0.091,0.038,0.038,0.038,0.039,0.039,0.038,0.064,0.037,0.037,0.037,0.039,0.038,0.075,0.070,0.066,0.068,0.067,0.065,0.038,0.069,0.075,0.069,0.072,0.071,0.038,0.038,0.038,0.038,0.039,0.038,0.066,0.039,0.040,0.039,0.040,0.037,0.078,0.069,0.066,0.067,0.064,0.064,0.039,0.069,0.077,0.069,0.071,0.068,0.038,0.039,0.038,0.037,0.037,0.038,0.066,0.040,0.040,0.039,0.040,0.038,0.071,0.068,0.064,0.067,0.062,0.064,0.038,0.068,0.067,0.066,0.061,0.066,0.039,0.040,0.038,0.037,0.037,0.038
4:09:10,37.0,0.069,0.037,0.044,0.038,0.040,0.039,0.073,0.089,0.072,0.073,0.071,0.072,0.039,0.077,0.076,0.075,0.079,0.098,0.038,0.038,0.038,0.039,0.039,0.038,0.072,0.037,0.037,0.037,0.039,0.038,0.087,0.080,0.074,0.077,0.075,0.072,0.038,0.079,0.085,0.079,0.082,0.081,0.038,0.038,0.038,0.038,0.039,0.038,0.073,0.039,0.040,0.039,0.040,0.037,0.089,0.078,0.074,0.075,0.071,0.070,0.039,0.077,0.088,0.077,0.080,0.077,0.038,0.039,0.038,0.037,0.037,0.038,0.073,0.040,0.040,0.039,0.040,0.038,0.080,0.075,0.070,0.074,0.068,0.070,0.038,0.075,0.073,0.072,0.067,0.072,0.038,0.040,0.038,0.037,0.037,0.038
4:34:10,37.1,0.076,0.037,0.044,0.038,0.040,0.039,0.083,0.099,0.082,0.082,0.080,0.081,0.039,0.089,0.087,0.086,0.091,0.110,0.038,0.038,0.038,0.039,0.039,0.038,0.081,0.037,0.037,0.037,0.039,0.038,0.102,0.092,0.085,0.089,0.085,0.081,0.038,0.090,0.098,0.090,0.096,0.093,0.038,0.038,0.038,0.038,0.039,0.038,0.083,0.039,0.039,0.039,0.040,0.037,0.105,0.090,0.085,0.086,0.081,0.077,0.039,0.087,0.101,0.089,0.092,0.088,0.038,0.039,0.038,0.037,0.037,0.038,0.082,0.041,0.040,0.040,0.040,0.038,0.090,0.086,0.079,0.083,0.076,0.077,0.038,0.083,0.082,0.080,0.074,0.080,0.038,0.040,0.038,0.037,0.037,0.038
4:59:10,37.1,0.088,0.037,0.044,0.038,0.040,0.039,0.095,0.110,0.093,0.094,0.090,0.093,0.038,0.103,0.102,0.100,0.106,0.117,0.038,0.038,0.038,0.040,0.039,0.038,0.093,0.037,0.037,0.037,0.039,0.038,0.122,0.109,0.099,0.104,0.099,0.092,0.038,0.108,0.116,0.107,0.115,0.110,0.038,0.038,0.038,0.038,0.039,0.038,0.095,0.039,0.040,0.039,0.040,0.037,0.127,0.105,0.099,0.100,0.093,0.087,0.040,0.100,0.118,0.103,0.108,0.102,0.038,0.039,0.038,0.037,0.038,0.038,0.093,0.041,0.041,0.040,0.040,0.038,0.102,0.098,0.089,0.093,0.087,0.086,0.038,0.094,0.092,0.090,0.083,0.091,0.038,0.040,0.038,0.037,0.037,0.038
5:24:10,37.0,0.103,0.037,0.044,0.038,0.040,0.039,0.109,0.125,0.109,0.113,0.105,0.107,0.038,0.117,0.122,0.118,0.132,0.140,0.038,0.038,0.038,0.039,0.039,0.038,0.107,0.037,0.037,0.037,0.039,0.038,0.147,0.131,0.117,0.123,0.117,0.106,0.038,0.128,0.140,0.126,0.138,0.132,0.038,0.038,0.038,0.038,0.039,0.038,0.109,0.039,0.039,0.039,0.040,0.037,0.152,0.126,0.116,0.117,0.108,0.099,0.040,0.115,0.140,0.120,0.127,0.120,0.038,0.039,0.038,0.037,0.037,0.038,0.107,0.041,0.041,0.040,0.041,0.038,0.115,0.112,0.103,0.107,0.101,0.098,0.038,0.107,0.105,0.103,0.095,0.104,0.038,0.040,0.037,0.037,0.037,0.038
5:49:10,37.1,0.122,0.037,0.044,0.038,0.040,0.039,0.132,0.147,0.131,0.134,0.129,0.124,0.038,0.135,0.149,0.140,0.160,0.163,0.039,0.038,0.038,0.039,0.039,0.038,0.124,0.037,0.037,0.037,0.039,0.038,0.178,0.159,0.139,0.149,0.139,0.124,0.038,0.150,0.169,0.151,0.166,0.158,0.038,0.038,0.038,0.038,0.039,0.038,0.127,0.039,0.040,0.039,0.040,0.037,0.180,0.151,0.137,0.139,0.128,0.116,0.040,0.136,0.168,0.141,0.150,0.144,0.038,0.039,0.038,0.037,0.038,0.038,0.124,0.041,0.041,0.040,0.041,0.038,0.131,0.131,0.121,0.125,0.121,0.114,0.038,0.127,0.125,0.123,0.113,0.122,0.038,0.040,0.038,0.037,0.037,0.038
6:14:10,37.1,0.144,0.037,0.044,0.038,0.040,0.039,0.158,0.175,0.159,0.161,0.152,0.148,0.038,0.156,0.174,0.167,0.178,0.182,0.039,0.038,0.038,0.039,0.039,0.038,0.143,0.037,0.037,0.037,0.039,0.038,0.219,0.193,0.166,0.177,0.166,0.147,0.038,0.174,0.200,0.180,0.200,0.186,0.038,0.038,0.038,0.038,0.039,0.037,0.147,0.039,0.040,0.039,0.040,0.037,0.211,0.180,0.161,0.163,0.155,0.137,0.039,0.158,0.192,0.165,0.173,0.170,0.039,0.039,0.038,0.038,0.037,0.038,0.151,0.041,0.041,0.040,0.041,0.038,0.154,0.160,0.149,0.155,0.145,0.134,0.038,0.152,0.152,0.145,0.139,0.144,0.038,0.040,0.038,0.037,0.037,0.038
6:39:10,37.1,0.176,0.037,0.044,0.038,0.040,0.039,0.195,0.210,0.196,0.197,0.191,0.178,0.038,0.181,0.199,0.194,0.198,0.224,0.039,0.038,0.038,0.040,0.039,0.038,0.174,0.037,0.037,0.038,0.039,0.038,0.279,0.231,0.196,0.209,0.195,0.187,0.038,0.197,0.233,0.213,0.241,0.221,0.038,0.038,0.038,0.038,0.039,0.037,0.168,0.039,0.040,0.039,0.040,0.037,0.244,0.212,0.187,0.188,0.205,0.164,0.039,0.181,0.207,0.192,0.197,0.200,0.039,0.040,0.038,0.038,0.038,0.038,0.189,0.041,0.041,0.040,0.041,0.038,0.197,0.202,0.191,0.190,0.177,0.161,0.038,0.185,0.183,0.176,0.168,0.173,0.038,0.039,0.038,0.037,0.037,0.038
7:04:10,37.1,0.214,0.037,0.043,0.038,0.040,0.039,0.245,0.258,0.244,0.243,0.236,0.221,0.038,0.220,0.222,0.220,0.219,0.275,0.039,0.038,0.038,0.040,0.039,0.038,0.226,0.037,0.037,0.038,0.039,0.038,0.333,0.273,0.231,0.240,0.228,0.234,0.038,0.219,0.273,0.254,0.291,0.264,0.038,0.038,0.038,0.038,0.039,0.037,0.197,0.039,0.040,0.039,0.040,0.037,0.281,0.245,0.217,0.212,0.255,0.200,0.039,0.204,0.223,0.224,0.223,0.232,0.039,0.040,0.038,0.038,0.038,0.038,0.233,0.040,0.041,0.040,0.041,0.038,0.246,0.254,0.243,0.233,0.216,0.195,0.038,0.222,0.223,0.216,0.206,0.209,0.038,0.039,0.037,0.037,0.037,0.038
7:29:10,37.1,0.265,0.037,0.044,0.038,0.040,0.039,0.305,0.315,0.302,0.298,0.294,0.273,0.038,0.273,0.272,0.249,0.247,0.342,0.039,0.038,0.038,0.040,0.039,0.038,0.283,0.037,0.037,0.038,0.039,0.038,0.391,0.308,0.260,0.265,0.269,0.292,0.038,0.246,0.308,0.297,0.347,0.314,0.038,0.038,0.038,0.038,0.039,0.037,0.250,0.040,0.040,0.039,0.040,0.037,0.318,0.279,0.249,0.289,0.315,0.248,0.039,0.231,0.248,0.255,0.254,0.264,0.039,0.040,0.038,0.038,0.037,0.038,0.287,0.040,0.041,0.039,0.041,0.038,0.315,0.307,0.297,0.290,0.266,0.239,0.038,0.271,0.273,0.263,0.256,0.255,0.038,0.039,0.038,0.037,0.037,0.038
7:54:10,37.0,0.325,0.037,0.044,0.038,0.040,0.039,0.372,0.378,0.364,0.361,0.357,0.334,0.038,0.330,0.301,0.286,0.319,0.370,0.039,0.038,0.038,0.040,0.039,0.038,0.346,0.037,0.037,0.038,0.039,0.038,0.444,0.324,0.286,0.313,0.324,0.353,0.038,0.280,0.332,0.335,0.401,0.371,0.038,0.037,0.038,0.038,0.039,0.037,0.307,0.040,0.040,0.039,0.040,0.037,0.319,0.355,0.335,0.352,0.380,0.306,0.039,0.270,0.276,0.288,0.283,0.297,0.039,0.040,0.038,0.038,0.037,0.038,0.344,0.040,0.040,0.039,0.039,0.038,0.371,0.370,0.357,0.352,0.325,0.294,0.037,0.327,0.329,0.319,0.310,0.311,0.038,0.040,0.037,0.037,0.037,0.038
8:19:10,37.1,0.388,0.037,0.044,0.038,0.040,0.039,0.425,0.442,0.432,0.431,0.422,0.397,0.038,0.393,0.388,0.373,0.391,0.356,0.039,0.038,0.038,0.040,0.039,0.038,0.409,0.037,0.037,0.038,0.039,0.039,0.459,0.418,0.402,0.415,0.406,0.420,0.038,0.342,0.346,0.359,0.464,0.439,0.038,0.038,0.038,0.038,0.040,0.037,0.374,0.040,0.040,0.039,0.040,0.038,0.346,0.429,0.406,0.420,0.451,0.370,0.039,0.352,0.316,0.333,0.370,0.392,0.039,0.040,0.038,0.038,0.037,0.038,0.405,0.040,0.040,0.040,0.039,0.038,0.431,0.437,0.423,0.417,0.389,0.357,0.038,0.385,0.387,0.378,0.369,0.370,0.038,0.040,0.038,0.037,0.037,0.038
8:44:10,37.0,0.448,0.037,0.044,0.038,0.040,0.039,0.489,0.504,0.496,0.497,0.489,0.465,0.038,0.460,0.462,0.449,0.463,0.435,0.039,0.038,0.038,0.040,0.040,0.038,0.477,0.037,0.037,0.038,0.039,0.039,0.423,0.505,0.477,0.486,0.477,0.488,0.038,0.429,0.415,0.410,0.475,0.478,0.038,0.038,0.038,0.038,0.040,0.037,0.436,0.040,0.040,0.039,0.040,0.038,0.431,0.510,0.483,0.489,0.523,0.437,0.039,0.426,0.412,0.464,0.455,0.483,0.039,0.040,0.039,0.038,0.037,0.038,0.465,0.040,0.040,0.039,0.039,0.038,0.500,0.503,0.489,0.482,0.457,0.423,0.037,0.447,0.447,0.440,0.432,0.433,0.038,0.040,0.038,0.037,0.037,0.038
9:09:10,37.0,0.508,0.037,0.044,0.038,0.040,0.039,0.561,0.570,0.561,0.559,0.550,0.528,0.038,0.526,0.533,0.529,0.529,0.518,0.039,0.038,0.038,0.040,0.039,0.038,0.535,0.037,0.037,0.038,0.039,0.039,0.520,0.566,0.545,0.555,0.551,0.551,0.038,0.518,0.500,0.515,0.481,0.510,0.038,0.038,0.038,0.038,0.040,0.037,0.499,0.040,0.040,0.039,0.040,0.038,0.538,0.577,0.550,0.555,0.583,0.505,0.039,0.511,0.521,0.531,0.536,0.548,0.039,0.040,0.039,0.037,0.037,0.038,0.527,0.040,0.040,0.039,0.039,0.038,0.571,0.565,0.551,0.550,0.525,0.490,0.037,0.502,0.501,0.498,0.491,0.497,0.038,0.040,0.037,0.037,0.037,0.038
9:34:10,37.0,0.560,0.037,0.044,0.038,0.040,0.039,0.609,0.619,0.610,0.610,0.611,0.589,0.038,0.587,0.596,0.584,0.579,0.579,0.039,0.038,0.038,0.040,0.040,0.038,0.593,0.037,0.037,0.038,0.040,0.039,0.590,0.619,0.601,0.610,0.616,0.609,0.038,0.570,0.586,0.587,0.582,0.593,0.038,0.038,0.038,0.038,0.040,0.037,0.570,0.039,0.040,0.039,0.040,0.038,0.603,0.627,0.606,0.610,0.637,0.565,0.039,0.560,0.579,0.587,0.590,0.601,0.039,0.040,0.039,0.038,0.037,0.038,0.572,0.040,0.040,0.039,0.039,0.038,0.617,0.618,0.608,0.609,0.582,0.551,0.038,0.555,0.552,0.555,0.548,0.553,0.038,0.040,0.037,0.037,0.037,0.038
9:59:10,37.0,0.610,0.037,0.044,0.038,0.040,0.039,0.651,0.663,0.652,0.653,0.655,0.636,0.038,0.636,0.645,0.632,0.625,0.643,0.039,0.038,0.038,0.040,0.040,0.037,0.636,0.037,0.037,0.038,0.040,0.039,0.643,0.664,0.647,0.657,0.662,0.654,0.038,0.616,0.633,0.639,0.632,0.639,0.038,0.038,0.038,0.038,0.040,0.037,0.617,0.039,0.040,0.040,0.040,0.038,0.664,0.679,0.653,0.659,0.681,0.618,0.039,0.607,0.625,0.638,0.640,0.652,0.039,0.040,0.039,0.037,0.037,0.038,0.608,0.040,0.040,0.039,0.039,0.038,0.661,0.659,0.651,0.653,0.632,0.611,0.038,0.592,0.588,0.596,0.596,0.602,0.038,0.040,0.037,0.037,0.037,0.038
10:24:10,37.1,0.649,0.037,0.044,0.038,0.040,0.039,0.679,0.699,0.687,0.689,0.695,0.674,0.038,0.677,0.684,0.679,0.663,0.678,0.039,0.038,0.038,0.040,0.040,0.037,0.669,0.037,0.037,0.038,0.040,0.039,0.686,0.705,0.686,0.696,0.706,0.695,0.038,0.654,0.674,0.685,0.677,0.689,0.038,0.038,0.038,0.038,0.040,0.037,0.658,0.039,0.040,0.040,0.040,0.038,0.704,0.718,0.692,0.697,0.719,0.659,0.039,0.647,0.662,0.678,0.680,0.689,0.039,0.040,0.038,0.037,0.037,0.038,0.639,0.040,0.040,0.039,0.039,0.038,0.696,0.698,0.690,0.690,0.670,0.646,0.037,0.625,0.623,0.631,0.632,0.642,0.038,0.040,0.037,0.037,0.037,0.038
10:49:10,37.0,0.680,0.037,0.044,0.038,0.040,0.039,0.713,0.725,0.715,0.721,0.724,0.703,0.038,0.710,0.718,0.714,0.701,0.710,0.039,0.038,0.038,0.040,0.040,0.037,0.702,0.037,0.037,0.038,0.040,0.039,0.721,0.737,0.719,0.729,0.740,0.721,0.038,0.687,0.709,0.720,0.721,0.726,0.038,0.038,0.038,0.038,0.039,0.037,0.689,0.039,0.040,0.040,0.040,0.038,0.739,0.749,0.733,0.734,0.751,0.694,0.039,0.682,0.701,0.712,0.708,0.716,0.038,0.040,0.038,0.037,0.037,0.038,0.672,0.040,0.040,0.039,0.039,0.038,0.728,0.729,0.721,0.721,0.705,0.682,0.038,0.657,0.655,0.665,0.665,0.677,0.038,0.040,0.037,0.037,0.037,0.038
11:14:10,37.0,0.703,0.037,0.044,0.038,0.040,0.039,0.743,0.748,0.736,0.743,0.743,0.729,0.038,0.737,0.746,0.733,0.727,0.739,0.039,0.038,0.038,0.040,0.040,0.037,0.726,0.037,0.037,0.038,0.040,0.039,0.749,0.757,0.748,0.757,0.771,0.747,0.038,0.719,0.739,0.747,0.751,0.757,0.038,0.038,0.038,0.038,0.039,0.037,0.717,0.039,0.040,0.040,0.040,0.038,0.768,0.773,0.766,0.754,0.779,0.720,0.039,0.711,0.725,0.731,0.738,0.749,0.038,0.040,0.038,0.037,0.037,0.038,0.699,0.040,0.040,0.039,0.038,0.038,0.754,0.757,0.747,0.744,0.728,0.712,0.038,0.684,0.684,0.690,0.691,0.706,0.038,0.040,0.037,0.037,0.037,0.038
11:39:10,37.0,0.719,0.037,0.044,0.038,0.040,0.039,0.761,0.765,0.758,0.765,0.766,0.753,0.038,0.758,0.769,0.753,0.746,0.779,0.039,0.038,0.038,0.040,0.039,0.037,0.746,0.037,0.037,0.038,0.040,0.039,0.772,0.778,0.768,0.775,0.785,0.770,0.038,0.740,0.759,0.769,0.775,0.779,0.039,0.038,0.039,0.038,0.039,0.037,0.738,0.039,0.040,0.040,0.040,0.038,0.791,0.785,0.781,0.773,0.801,0.745,0.039,0.734,0.745,0.753,0.765,0.776,0.038,0.039,0.038,0.037,0.037,0.038,0.722,0.040,0.040,0.039,0.038,0.038,0.776,0.776,0.765,0.769,0.751,0.736,0.037,0.709,0.706,0.715,0.714,0.725,0.038,0.040,0.037,0.037,0.037,0.038
12:04:10,37.0,0.737,0.037,0.044,0.038,0.040,0.039,0.775,0.783,0.775,0.779,0.785,0.772,0.038,0.780,0.782,0.769,0.763,0.772,0.038,0.038,0.038,0.040,0.039,0.037,0.766,0.037,0.037,0.038,0.040,0.039,0.791,0.794,0.785,0.790,0.807,0.787,0.038,0.760,0.778,0.786,0.792,0.798,0.039,0.038,0.039,0.038,0.039,0.037,0.759,0.039,0.040,0.039,0.040,0.038,0.810,0.796,0.796,0.789,0.819,0.766,0.039,0.749,0.765,0.777,0.782,0.791,0.038,0.039,0.038,0.037,0.037,0.037,0.742,0.040,0.040,0.039,0.038,0.038,0.793,0.791,0.784,0.784,0.771,0.756,0.037,0.731,0.727,0.736,0.732,0.745,0.038,0.039,0.037,0.037,0.037,0.038
12:29:10,37.0,0.753,0.037,0.044,0.038,0.040,0.039,0.791,0.799,0.791,0.795,0.800,0.788,0.038,0.796,0.794,0.783,0.776,0.796,0.038,0.038,0.038,0.040,0.039,0.037,0.783,0.037,0.037,0.037,0.040,0.039,0.806,0.809,0.797,0.805,0.830,0.802,0.038,0.775,0.791,0.797,0.807,0.813,0.039,0.038,0.039,0.038,0.039,0.037,0.775,0.039,0.040,0.039,0.041,0.038,0.822,0.809,0.807,0.804,0.834,0.782,0.039,0.761,0.785,0.798,0.795,0.803,0.038,0.039,0.038,0.037,0.037,0.038,0.761,0.040,0.040,0.039,0.038,0.038,0.808,0.807,0.798,0.798,0.787,0.773,0.038,0.751,0.750,0.753,0.749,0.762,0.038,0.040,0.037,0.037,0.037,0.038
12:54:10,37.0,0.766,0.037,0.044,0.038,0.040,0.039,0.806,0.814,0.805,0.808,0.814,0.802,0.038,0.805,0.805,0.796,0.788,0.795,0.038,0.038,0.038,0.040,0.039,0.038,0.796,0.037,0.037,0.037,0.040,0.039,0.818,0.821,0.809,0.815,0.843,0.816,0.038,0.788,0.806,0.805,0.816,0.824,0.039,0.038,0.039,0.039,0.039,0.037,0.790,0.039,0.040,0.039,0.040,0.038,0.826,0.820,0.817,0.816,0.845,0.796,0.039,0.776,0.798,0.810,0.808,0.810,0.038,0.039,0.038,0.037,0.037,0.038,0.777,0.040,0.040,0.039,0.038,0.038,0.821,0.819,0.810,0.812,0.801,0.788,0.037,0.768,0.764,0.769,0.763,0.777,0.038,0.040,0.037,0.037,0.037,0.038
13:19:10,37.1,0.776,0.037,0.044,0.038,0.040,0.039,0.818,0.826,0.816,0.820,0.824,0.815,0.038,0.814,0.816,0.807,0.799,0.805,0.038,0.038,0.038,0.040,0.039,0.038,0.807,0.037,0.037,0.037,0.040,0.039,0.825,0.829,0.817,0.830,0.852,0.828,0.038,0.798,0.816,0.815,0.821,0.833,0.039,0.038,0.039,0.039,0.039,0.037,0.800,0.039,0.040,0.039,0.040,0.038,0.834,0.829,0.827,0.826,0.854,0.810,0.039,0.789,0.808,0.815,0.815,0.821,0.038,0.039,0.038,0.037,0.037,0.038,0.791,0.040,0.040,0.039,0.038,0.038,0.832,0.831,0.822,0.824,0.813,0.801,0.038,0.783,0.779,0.782,0.775,0.789,0.038,0.040,0.038,0.037,0.037,0.038
13:44:10,37.0,0.787,0.037,0.043,0.038,0.040,0.039,0.828,0.837,0.827,0.830,0.835,0.826,0.038,0.825,0.824,0.816,0.810,0.815,0.038,0.038,0.038,0.039,0.039,0.038,0.818,0.037,0.037,0.037,0.040,0.039,0.831,0.834,0.829,0.842,0.859,0.838,0.038,0.807,0.823,0.822,0.826,0.837,0.039,0.038,0.039,0.038,0.039,0.037,0.811,0.039,0.040,0.039,0.040,0.038,0.840,0.837,0.835,0.835,0.863,0.820,0.039,0.801,0.815,0.819,0.822,0.826,0.038,0.039,0.038,0.037,0.037,0.038,0.803,0.040,0.040,0.039,0.038,0.038,0.843,0.840,0.832,0.835,0.823,0.812,0.037,0.797,0.792,0.793,0.785,0.799,0.038,0.040,0.037,0.037,0.037,0.038
14:09:10,37.1,0.795,0.037,0.044,0.038,0.040,0.039,0.838,0.845,0.836,0.838,0.844,0.835,0.038,0.835,0.832,0.823,0.819,0.823,0.038,0.038,0.038,0.039,0.039,0.038,0.826,0.037,0.037,0.037,0.040,0.039,0.837,0.841,0.842,0.851,0.862,0.846,0.038,0.812,0.831,0.829,0.833,0.843,0.039,0.038,0.039,0.038,0.039,0.037,0.820,0.039,0.040,0.039,0.040,0.038,0.849,0.845,0.845,0.842,0.872,0.829,0.039,0.810,0.822,0.826,0.825,0.832,0.038,0.039,0.038,0.037,0.037,0.038,0.814,0.040,0.040,0.039,0.038,0.038,0.852,0.848,0.840,0.844,0.831,0.821,0.037,0.808,0.804,0.803,0.795,0.808,0.038,0.040,0.037,0.037,0.037,0.038
14:34:10,37.0,0.801,0.037,0.044,0.038,0.040,0.039,0.846,0.855,0.845,0.845,0.852,0.844,0.038,0.842,0.840,0.831,0.827,0.830,0.038,0.038,0.038,0.039,0.039,0.037,0.834,0.037,0.037,0.037,0.039,0.039,0.845,0.845,0.850,0.855,0.866,0.855,0.038,0.821,0.838,0.838,0.837,0.850,0.039,0.038,0.039,0.038,0.039,0.037,0.827,0.039,0.040,0.039,0.039,0.038,0.855,0.851,0.854,0.849,0.879,0.839,0.039,0.818,0.829,0.833,0.833,0.838,0.038,0.039,0.038,0.037,0.037,0.038,0.823,0.040,0.040,0.039,0.038,0.038,0.859,0.856,0.848,0.851,0.841,0.830,0.037,0.818,0.814,0.813,0.802,0.816,0.038,0.040,0.037,0.037,0.037,0.038
14:59:10,37.1,0.807,0.037,0.044,0.038,0.040,0.039,0.853,0.862,0.850,0.853,0.860,0.851,0.038,0.849,0.848,0.837,0.834,0.836,0.038,0.038,0.038,0.039,0.039,0.038,0.841,0.037,0.037,0.037,0.039,0.039,0.850,0.849,0.855,0.859,0.870,0.862,0.038,0.826,0.842,0.840,0.841,0.854,0.039,0.038,0.038,0.038,0.039,0.037,0.835,0.039,0.039,0.039,0.040,0.038,0.859,0.857,0.859,0.857,0.886,0.846,0.039,0.825,0.837,0.838,0.839,0.845,0.038,0.039,0.038,0.037,0.037,0.038,0.831,0.040,0.040,0.039,0.038,0.038,0.866,0.861,0.855,0.858,0.846,0.837,0.038,0.827,0.824,0.820,0.809,0.823,0.038,0.039,0.037,0.037,0.037,0.038
15:24:10,37.0,0.811,0.037,0.044,0.038,0.040,0.039,0.859,0.868,0.857,0.859,0.866,0.857,0.038,0.856,0.855,0.842,0.840,0.842,0.038,0.038,0.038,0.039,0.039,0.037,0.847,0.037,0.037,0.037,0.039,0.039,0.855,0.853,0.861,0.864,0.875,0.868,0.038,0.831,0.844,0.846,0.845,0.859,0.039,0.038,0.038,0.038,0.039,0.037,0.842,0.039,0.039,0.039,0.039,0.037,0.863,0.862,0.866,0.866,0.893,0.852,0.039,0.834,0.840,0.845,0.846,0.852,0.038,0.039,0.038,0.037,0.037,0.038,0.840,0.040,0.040,0.039,0.038,0.038,0.871,0.868,0.860,0.864,0.853,0.844,0.038,0.835,0.831,0.828,0.815,0.830,0.038,0.040,0.037,0.037,0.037,0.038
15:49:10,37.0,0.816,0.037,0.044,0.038,0.040,0.039,0.864,0.873,0.862,0.864,0.872,0.864,0.038,0.862,0.858,0.848,0.846,0.846,0.038,0.037,0.037,0.039,0.039,0.037,0.853,0.037,0.037,0.037,0.039,0.039,0.859,0.856,0.860,0.866,0.879,0.875,0.038,0.836,0.850,0.852,0.849,0.862,0.039,0.038,0.038,0.038,0.039,0.037,0.848,0.039,0.040,0.039,0.039,0.037,0.868,0.866,0.866,0.869,0.897,0.859,0.039,0.841,0.849,0.849,0.850,0.856,0.038,0.039,0.038,0.037,0.037,0.038,0.846,0.040,0.040,0.039,0.038,0.038,0.877,0.873,0.866,0.871,0.859,0.851,0.037,0.842,0.838,0.833,0.820,0.835,0.038,0.040,0.037,0.037,0.037,0.038
16:14:10,37.0,0.819,0.037,0.044,0.038,0.040,0.039,0.868,0.876,0.866,0.868,0.876,0.869,0.038,0.867,0.864,0.852,0.851,0.850,0.038,0.037,0.037,0.039,0.039,0.038,0.858,0.037,0.037,0.037,0.039,0.038,0.863,0.859,0.861,0.871,0.882,0.878,0.038,0.842,0.853,0.854,0.852,0.863,0.039,0.039,0.038,0.038,0.039,0.037,0.853,0.039,0.040,0.039,0.040,0.037,0.870,0.870,0.871,0.873,0.902,0.862,0.039,0.847,0.850,0.853,0.853,0.860,0.038,0.039,0.038,0.037,0.037,0.038,0.852,0.040,0.040,0.039,0.038,0.038,0.881,0.878,0.870,0.875,0.864,0.854,0.037,0.847,0.845,0.838,0.825,0.840,0.038,0.039,0.037,0.037,0.037,0.038
16:39:10,37.0,0.823,0.037,0.044,0.038,0.040,0.039,0.870,0.880,0.870,0.872,0.880,0.873,0.038,0.871,0.869,0.857,0.857,0.853,0.038,0.038,0.037,0.039,0.039,0.038,0.861,0.037,0.037,0.037,0.039,0.038,0.864,0.860,0.863,0.872,0.886,0.883,0.038,0.843,0.855,0.850,0.850,0.863,0.039,0.038,0.038,0.038,0.038,0.037,0.858,0.039,0.040,0.038,0.039,0.037,0.872,0.877,0.874,0.876,0.904,0.867,0.039,0.851,0.852,0.856,0.856,0.863,0.038,0.039,0.038,0.037,0.037,0.038,0.856,0.040,0.040,0.039,0.038,0.038,0.885,0.881,0.874,0.879,0.868,0.860,0.037,0.852,0.849,0.843,0.829,0.844,0.038,0.039,0.037,0.037,0.037,0.038
17:04:10,37.1,0.825,0.037,0.044,0.038,0.040,0.039,0.872,0.881,0.871,0.874,0.882,0.876,0.038,0.875,0.873,0.861,0.861,0.854,0.038,0.037,0.037,0.039,0.039,0.037,0.864,0.037,0.037,0.037,0.039,0.038,0.866,0.861,0.864,0.874,0.889,0.885,0.038,0.847,0.855,0.850,0.851,0.864,0.039,0.038,0.038,0.038,0.039,0.037,0.862,0.039,0.039,0.039,0.039,0.037,0.879,0.875,0.877,0.880,0.906,0.871,0.039,0.855,0.855,0.857,0.858,0.867,0.038,0.039,0.038,0.037,0.037,0.038,0.859,0.040,0.040,0.039,0.038,0.038,0.888,0.884,0.876,0.881,0.871,0.861,0.037,0.856,0.854,0.846,0.833,0.848,0.038,0.040,0.037,0.037,0.037,0.038
17:29:10,37.0,0.828,0.037,0.044,0.038,0.040,0.039,0.873,0.884,0.873,0.875,0.884,0.878,0.038,0.878,0.876,0.865,0.864,0.856,0.038,0.037,0.037,0.039,0.039,0.038,0.865,0.037,0.037,0.037,0.039,0.038,0.868,0.862,0.864,0.876,0.890,0.887,0.038,0.849,0.854,0.851,0.853,0.863,0.039,0.038,0.038,0.038,0.039,0.037,0.865,0.039,0.039,0.039,0.039,0.037,0.875,0.876,0.877,0.882,0.907,0.874,0.039,0.858,0.858,0.859,0.861,0.869,0.038,0.039,0.038,0.037,0.037,0.037,0.862,0.040,0.040,0.039,0.038,0.038,0.889,0.886,0.879,0.884,0.874,0.865,0.038,0.858,0.855,0.850,0.835,0.850,0.038,0.040,0.037,0.037,0.037,0.038
17:54:10,37.0,0.828,0.037,0.044,0.038,0.040,0.039,0.873,0.883,0.873,0.876,0.885,0.879,0.038,0.880,0.878,0.867,0.867,0.856,0.038,0.038,0.038,0.039,0.039,0.037,0.867,0.037,0.037,0.037,0.039,0.038,0.867,0.862,0.864,0.876,0.892,0.888,0.038,0.852,0.856,0.851,0.852,0.861,0.039,0.038,0.038,0.038,0.039,0.037,0.868,0.039,0.039,0.039,0.039,0.037,0.878,0.876,0.879,0.883,0.909,0.874,0.039,0.861,0.859,0.860,0.861,0.869,0.038,0.039,0.038,0.037,0.037,0.038,0.863,0.040,0.040,0.039,0.038,0.038,0.890,0.886,0.880,0.883,0.875,0.865,0.037,0.861,0.858,0.851,0.837,0.850,0.038,0.040,0.037,0.037,0.037,0.038
18:19:10,37.0,0.830,0.037,0.044,0.038,0.040,0.039,0.873,0.883,0.873,0.875,0.885,0.879,0.038,0.882,0.880,0.867,0.868,0.857,0.038,0.038,0.037,0.039,0.039,0.038,0.867,0.037,0.037,0.037,0.039,0.038,0.868,0.861,0.862,0.878,0.891,0.888,0.038,0.853,0.855,0.849,0.844,0.859,0.039,0.038,0.038,0.038,0.039,0.037,0.870,0.039,0.039,0.039,0.039,0.037,0.872,0.876,0.879,0.885,0.908,0.875,0.039,0.863,0.861,0.860,0.861,0.871,0.038,0.039,0.038,0.037,0.037,0.038,0.864,0.040,0.040,0.039,0.038,0.038,0.891,0.888,0.880,0.883,0.876,0.866,0.038,0.861,0.858,0.853,0.837,0.852,0.038,0.039,0.037,0.037,0.037,0.038
18:44:10,37.1,0.831,0.037,0.044,0.038,0.040,0.039,0.872,0.882,0.872,0.875,0.885,0.880,0.038,0.882,0.880,0.869,0.870,0.855,0.038,0.038,0.037,0.039,0.039,0.038,0.867,0.037,0.037,0.037,0.039,0.038,0.865,0.860,0.863,0.878,0.891,0.888,0.038,0.854,0.854,0.847,0.842,0.857,0.039,0.038,0.038,0.038,0.039,0.037,0.872,0.039,0.039,0.039,0.039,0.037,0.870,0.875,0.878,0.884,0.908,0.876,0.039,0.864,0.860,0.860,0.862,0.870,0.038,0.039,0.038,0.037,0.037,0.038,0.864,0.040,0.040,0.039,0.038,0.038,0.891,0.887,0.880,0.884,0.876,0.866,0.037,0.863,0.860,0.852,0.837,0.852,0.038,0.040,0.037,0.037,0.037,0.038
19:09:10,37.1,0.831,0.037,0.044,0.038,0.040,0.039,0.872,0.882,0.871,0.874,0.884,0.878,0.038,0.882,0.881,0.868,0.869,0.854,0.038,0.037,0.037,0.039,0.039,0.037,0.867,0.037,0.037,0.037,0.039,0.038,0.864,0.858,0.862,0.877,0.890,0.887,0.038,0.854,0.853,0.845,0.840,0.853,0.039,0.038,0.038,0.038,0.039,0.037,0.872,0.039,0.039,0.039,0.039,0.037,0.869,0.874,0.877,0.883,0.907,0.875,0.039,0.865,0.861,0.859,0.859,0.869,0.038,0.039,0.038,0.037,0.037,0.038,0.864,0.040,0.040,0.039,0.038,0.038,0.889,0.887,0.880,0.884,0.877,0.867,0.037,0.861,0.859,0.853,0.838,0.852,0.038,0.039,0.037,0.037,0.037,0.038
19:34:10,37.0,0.831,0.037,0.044,0.038,0.040,0.039,0.870,0.880,0.869,0.872,0.883,0.877,0.038,0.882,0.882,0.869,0.867,0.852,0.038,0.038,0.037,0.039,0.039,0.038,0.867,0.037,0.037,0.037,0.039,0.038,0.860,0.856,0.859,0.874,0.888,0.886,0.038,0.854,0.851,0.848,0.836,0.846,0.039,0.038,0.038,0.038,0.039,0.037,0.872,0.039,0.039,0.039,0.039,0.037,0.866,0.873,0.875,0.883,0.905,0.875,0.039,0.866,0.860,0.858,0.859,0.868,0.038,0.039,0.038,0.037,0.037,0.038,0.862,0.040,0.040,0.039,0.038,0.038,0.889,0.886,0.879,0.883,0.876,0.867,0.037,0.861,0.859,0.851,0.838,0.852,0.038,0.039,0.037,0.037,0.037,0.038
19:59:10,37.0,0.832,0.037,0.044,0.038,0.040,0.039,0.870,0.879,0.869,0.872,0.882,0.876,0.038,0.882,0.881,0.868,0.866,0.851,0.038,0.037,0.037,0.039,0.039,0.037,0.865,0.037,0.037,0.037,0.039,0.038,0.857,0.854,0.856,0.872,0.887,0.885,0.038,0.855,0.848,0.841,0.833,0.840,0.038,0.038,0.038,0.038,0.039,0.037,0.873,0.039,0.039,0.039,0.039,0.037,0.863,0.871,0.874,0.880,0.903,0.874,0.039,0.866,0.860,0.858,0.858,0.868,0.038,0.039,0.038,0.037,0.037,0.037,0.862,0.040,0.040,0.039,0.038,0.037,0.888,0.885,0.878,0.882,0.877,0.866,0.037,0.860,0.858,0.852,0.836,0.852,0.038,0.039,0.037,0.037,0.037,0.038
20:24:10,37.0,0.832,0.037,0.044,0.038,0.040,0.039,0.868,0.878,0.867,0.871,0.880,0.874,0.038,0.882,0.881,0.867,0.865,0.850,0.038,0.037,0.037,0.039,0.039,0.038,0.865,0.037,0.037,0.037,0.039,0.038,0.855,0.851,0.853,0.869,0.884,0.884,0.038,0.855,0.846,0.838,0.830,0.836,0.039,0.038,0.038,0.038,0.039,0.037,0.872,0.039,0.039,0.039,0.039,0.037,0.861,0.869,0.872,0.879,0.901,0.874,0.039,0.863,0.859,0.856,0.857,0.866,0.038,0.039,0.038,0.037,0.037,0.037,0.861,0.040,0.040,0.039,0.038,0.038,0.886,0.884,0.878,0.881,0.876,0.866,0.037,0.859,0.857,0.850,0.837,0.851,0.038,0.040,0.037,0.037,0.037,0.038
20:49:10,37.0,0.833,0.037,0.044,0.038,0.040,0.039,0.867,0.877,0.866,0.869,0.879,0.873,0.038,0.881,0.880,0.866,0.866,0.848,0.038,0.038,0.037,0.039,0.039,0.037,0.864,0.037,0.037,0.037,0.039,0.038,0.850,0.848,0.850,0.865,0.882,0.883,0.038,0.855,0.844,0.836,0.826,0.830,0.039,0.038,0.038,0.038,0.039,0.037,0.872,0.039,0.039,0.039,0.039,0.037,0.858,0.867,0.870,0.878,0.899,0.873,0.039,0.864,0.858,0.855,0.856,0.865,0.038,0.039,0.038,0.037,0.037,0.038,0.859,0.040,0.040,0.039,0.038,0.038,0.886,0.883,0.877,0.881,0.875,0.866,0.037,0.858,0.856,0.850,0.835,0.851,0.038,0.039,0.037,0.037,0.037,0.038
21:14:10,37.0,0.831,0.037,0.044,0.038,0.040,0.039,0.867,0.876,0.865,0.868,0.878,0.873,0.038,0.880,0.879,0.865,0.864,0.846,0.038,0.038,0.038,0.039,0.039,0.038,0.863,0.037,0.037,0.037,0.039,0.038,0.847,0.845,0.847,0.864,0.880,0.882,0.038,0.853,0.840,0.833,0.823,0.827,0.039,0.038,0.038,0.038,0.039,0.037,0.872,0.039,0.039,0.039,0.040,0.037,0.855,0.864,0.869,0.876,0.897,0.871,0.039,0.863,0.857,0.855,0.856,0.865,0.038,0.039,0.038,0.037,0.037,0.038,0.858,0.040,0.040,0.039,0.038,0.038,0.884,0.882,0.875,0.880,0.875,0.866,0.037,0.857,0.855,0.850,0.836,0.850,0.038,0.040,0.037,0.037,0.037,0.038
21:39:10,37.0,0.832,0.037,0.044,0.038,0.040,0.039,0.866,0.876,0.864,0.867,0.876,0.871,0.038,0.881,0.878,0.864,0.861,0.845,0.038,0.038,0.037,0.039,0.039,0.038,0.863,0.037,0.037,0.037,0.039,0.038,0.842,0.843,0.845,0.862,0.878,0.881,0.038,0.853,0.838,0.830,0.820,0.821,0.039,0.038,0.038,0.038,0.039,0.037,0.871,0.039,0.039,0.039,0.039,0.037,0.851,0.862,0.866,0.874,0.896,0.871,0.039,0.861,0.856,0.854,0.854,0.863,0.038,0.039,0.038,0.037,0.037,0.038,0.857,0.040,0.040,0.039,0.038,0.038,0.883,0.881,0.875,0.880,0.874,0.867,0.038,0.856,0.854,0.849,0.836,0.850,0.038,0.040,0.037,0.037,0.037,0.038
22:04:10,37.0,0.832,0.037,0.044,0.038,0.040,0.039,0.866,0.875,0.863,0.866,0.875,0.870,0.038,0.880,0.877,0.862,0.860,0.844,0.038,0.038,0.037,0.039,0.039,0.037,0.862,0.037,0.037,0.037,0.039,0.038,0.839,0.839,0.842,0.860,0.875,0.880,0.038,0.855,0.836,0.827,0.815,0.816,0.038,0.038,0.038,0.038,0.039,0.037,0.872,0.039,0.039,0.039,0.039,0.037,0.849,0.860,0.865,0.872,0.894,0.871,0.039,0.861,0.854,0.853,0.854,0.862,0.038,0.039,0.038,0.037,0.037,0.037,0.856,0.040,0.040,0.039,0.038,0.038,0.882,0.881,0.874,0.878,0.874,0.866,0.037,0.855,0.853,0.848,0.835,0.850,0.038,0.039,0.037,0.037,0.037,0.038
22:29:10,37.0,0.832,0.037,0.044,0.038,0.040,0.039,0.865,0.875,0.862,0.865,0.875,0.869,0.038,0.879,0.877,0.860,0.858,0.842,0.038,0.038,0.038,0.039,0.039,0.038,0.862,0.037,0.037,0.037,0.039,0.038,0.834,0.836,0.838,0.857,0.874,0.879,0.038,0.853,0.834,0.824,0.813,0.810,0.038,0.038,0.038,0.038,0.039,0.037,0.871,0.039,0.039,0.039,0.040,0.037,0.845,0.858,0.863,0.871,0.894,0.872,0.039,0.859,0.852,0.852,0.854,0.860,0.038,0.039,0.038,0.037,0.037,0.038,0.856,0.040,0.040,0.039,0.038,0.038,0.882,0.879,0.874,0.879,0.874,0.867,0.037,0.854,0.853,0.848,0.835,0.850,0.038,0.040,0.037,0.037,0.037,0.038
22:54:10,37.1,0.832,0.037,0.044,0.038,0.040,0.039,0.865,0.873,0.861,0.865,0.873,0.868,0.038,0.879,0.876,0.860,0.856,0.841,0.038,0.038,0.037,0.039,0.039,0.038,0.861,0.037,0.037,0.037,0.039,0.038,0.828,0.833,0.836,0.854,0.871,0.879,0.038,0.851,0.831,0.822,0.809,0.806,0.038,0.038,0.038,0.038,0.039,0.037,0.871,0.039,0.039,0.039,0.039,0.037,0.841,0.856,0.861,0.870,0.892,0.871,0.039,0.858,0.851,0.851,0.853,0.859,0.038,0.039,0.038,0.037,0.037,0.038,0.854,0.040,0.040,0.039,0.038,0.038,0.881,0.879,0.874,0.878,0.874,0.866,0.037,0.854,0.851,0.848,0.835,0.850,0.038,0.040,0.037,0.037,0.037,0.038
23:19:10,37.1,0.831,0.037,0.044,0.038,0.040,0.039,0.864,0.873,0.860,0.864,0.872,0.867,0.038,0.878,0.876,0.860,0.855,0.840,0.038,0.037,0.037,0.039,0.039,0.037,0.861,0.037,0.037,0.037,0.039,0.038,0.834,0.838,0.832,0.853,0.869,0.878,0.038,0.850,0.828,0.818,0.813,0.811,0.038,0.037,0.038,0.038,0.039,0.037,0.871,0.039,0.039,0.039,0.039,0.037,0.845,0.854,0.859,0.867,0.890,0.870,0.039,0.856,0.849,0.850,0.852,0.859,0.038,0.039,0.038,0.037,0.037,0.038,0.853,0.040,0.040,0.039,0.038,0.038,0.880,0.879,0.873,0.877,0.873,0.866,0.037,0.853,0.850,0.847,0.835,0.849,0.038,0.039,0.037,0.037,0.036,0.038
23:44:10,37.0,0.830,0.037,0.044,0.038,0.040,0.039,0.863,0.872,0.859,0.863,0.871,0.866,0.038,0.878,0.876,0.859,0.854,0.838,0.038,0.038,0.037,0.039,0.039,0.037,0.860,0.037,0.037,0.037,0.039,0.038,0.827,0.836,0.839,0.858,0.866,0.877,0.038,0.849,0.825,0.825,0.809,0.805,0.038,0.038,0.038,0.038,0.039,0.037,0.871,0.039,0.039,0.039,0.039,0.037,0.846,0.858,0.857,0.865,0.889,0.870,0.039,0.855,0.850,0.849,0.850,0.857,0.038,0.039,0.038,0.037,0.037,0.037,0.852,0.040,0.040,0.039,0.038,0.038,0.880,0.878,0.872,0.877,0.873,0.866,0.037,0.851,0.849,0.846,0.834,0.850,0.038,0.039,0.037,0.037,0.037,0.038
24:09:10,37.0,0.829,0.037,0.044,0.038,0.040,0.039,0.862,0.870,0.858,0.861,0.869,0.865,0.038,0.878,0.875,0.858,0.853,0.846,0.038,0.038,0.037,0.039,0.039,0.037,0.859,0.037,0.037,0.037,0.039,0.038,0.823,0.831,0.834,0.859,0.864,0.876,0.038,0.847,0.833,0.822,0.804,0.799,0.038,0.038,0.038,0.038,0.039,0.037,0.870,0.039,0.039,0.039,0.039,0.037,0.841,0.861,0.867,0.874,0.900,0.869,0.039,0.854,0.849,0.848,0.849,0.856,0.038,0.039,0.038,0.037,0.037,0.038,0.851,0.040,0.040,0.039,0.038,0.038,0.879,0.878,0.872,0.877,0.873,0.866,0.037,0.850,0.848,0.845,0.834,0.849,0.038,0.039,0.037,0.037,0.037,0.038
24:34:10,37.1,0.828,0.037,0.043,0.038,0.040,0.039,0.867,0.881,0.870,0.874,0.873,0.864,0.038,0.877,0.875,0.865,0.861,0.843,0.038,0.038,0.038,0.039,0.039,0.038,0.858,0.037,0.037,0.037,0.039,0.038,0.821,0.827,0.829,0.853,0.873,0.875,0.038,0.847,0.830,0.817,0.799,0.795,0.038,0.038,0.038,0.038,0.039,0.037,0.869,0.039,0.040,0.039,0.039,0.037,0.835,0.856,0.863,0.873,0.898,0.868,0.039,0.852,0.848,0.855,0.858,0.866,0.038,0.039,0.038,0.037,0.037,0.038,0.848,0.040,0.040,0.039,0.038,0.038,0.878,0.877,0.871,0.875,0.872,0.865,0.037,0.848,0.846,0.844,0.832,0.847,0.038,0.039,0.037,0.037,0.037,0.038
24:59:10,37.0,0.825,0.037,0.043,0.038,0.040,0.039,0.874,0.882,0.869,0.871,0.881,0.875,0.038,0.876,0.882,0.867,0.858,0.839,0.038,0.038,0.037,0.039,0.039,0.037,0.856,0.037,0.037,0.037,0.039,0.038,0.815,0.823,0.826,0.850,0.870,0.887,0.038,0.858,0.826,0.813,0.797,0.792,0.038,0.037,0.038,0.038,0.039,0.037,0.869,0.039,0.039,0.038,0.039,0.037,0.832,0.853,0.859,0.870,0.894,0.868,0.039,0.850,0.858,0.857,0.857,0.863,0.038,0.039,0.038,0.037,0.037,0.038,0.846,0.040,0.040,0.039,0.038,0.038,0.890,0.887,0.880,0.875,0.871,0.862,0.037,0.847,0.843,0.842,0.830,0.846,0.038,0.039,0.037,0.037,0.036,0.038
25:24:10,37.0,0.821,0.037,0.044,0.038,0.040,0.039,0.871,0.878,0.866,0.867,0.877,0.873,0.038,0.888,0.886,0.864,0.855,0.836,0.038,0.038,0.037,0.039,0.039,0.038,0.867,0.037,0.037,0.037,0.039,0.038,0.812,0.822,0.822,0.847,0.865,0.886,0.038,0.856,0.825,0.809,0.795,0.790,0.038,0.038,0.038,0.038,0.039,0.037,0.868,0.039,0.039,0.039,0.039,0.037,0.829,0.850,0.855,0.866,0.890,0.878,0.039,0.862,0.855,0.853,0.854,0.860,0.038,0.039,0.038,0.037,0.037,0.038,0.852,0.040,0.040,0.039,0.038,0.038,0.889,0.888,0.882,0.888,0.878,0.861,0.037,0.845,0.841,0.840,0.828,0.844,0.038,0.039,0.037,0.037,0.037,0.038
25:49:10,37.0,0.818,0.037,0.044,0.038,0.040,0.038,0.868,0.875,0.862,0.864,0.874,0.869,0.038,0.888,0.883,0.861,0.851,0.834,0.038,0.038,0.037,0.039,0.039,0.037,0.869,0.037,0.037,0.037,0.039,0.038,0.814,0.820,0.821,0.844,0.862,0.882,0.038,0.853,0.825,0.807,0.796,0.790,0.038,0.037,0.038,0.038,0.039,0.037,0.879,0.039,0.039,0.039,0.039,0.037,0.828,0.847,0.852,0.863,0.889,0.879,0.039,0.860,0.852,0.850,0.850,0.859,0.038,0.039,0.038,0.037,0.037,0.037,0.860,0.040,0.040,0.039,0.038,0.038,0.885,0.885,0.879,0.885,0.883,0.863,0.037,0.842,0.839,0.838,0.827,0.843,0.038,0.039,0.037,0.037,0.037,0.038
26:14:10,37.1,0.815,0.037,0.043,0.038,0.040,0.038,0.865,0.873,0.860,0.862,0.870,0.866,0.038,0.884,0.880,0.860,0.849,0.833,0.038,0.038,0.037,0.039,0.039,0.037,0.865,0.037,0.037,0.037,0.039,0.038,0.815,0.821,0.819,0.842,0.859,0.879,0.038,0.850,0.823,0.807,0.798,0.791,0.038,0.037,0.038,0.038,0.039,0.037,0.879,0.039,0.039,0.039,0.039,0.037,0.828,0.844,0.850,0.860,0.886,0.875,0.039,0.856,0.849,0.848,0.848,0.856,0.038,0.039,0.038,0.037,0.037,0.037,0.857,0.040,0.040,0.039,0.038,0.038,0.882,0.882,0.877,0.881,0.880,0.873,0.037,0.849,0.852,0.845,0.825,0.840,0.038,0.039,0.037,0.037,0.036,0.037
26:39:10,37.1,0.823,0.037,0.044,0.038,0.040,0.038,0.863,0.871,0.857,0.859,0.867,0.863,0.038,0.882,0.878,0.857,0.846,0.832,0.038,0.038,0.038,0.039,0.039,0.037,0.861,0.037,0.037,0.037,0.039,0.038,0.816,0.822,0.822,0.843,0.857,0.877,0.038,0.848,0.822,0.809,0.799,0.791,0.038,0.038,0.038,0.038,0.039,0.037,0.876,0.039,0.039,0.039,0.039,0.037,0.829,0.846,0.849,0.858,0.883,0.872,0.039,0.854,0.847,0.846,0.847,0.854,0.038,0.039,0.038,0.037,0.037,0.037,0.853,0.040,0.040,0.039,0.038,0.038,0.880,0.879,0.874,0.879,0.877,0.871,0.037,0.856,0.854,0.852,0.837,0.851,0.038,0.039,0.037,0.037,0.036,0.037
0:00:00,,,,,,,,,,,,,,,,,,,,,,,,,,,,,,,,,,,,,,,,,,,,,,,,,,,,,,,,,,,,,,,,,,,,,,,,,,,,,,,,,,,,,,,,,,,,,,,,,
0:00:00,,,,,,,,,,,,,,,,,,,,,,,,,,,,,,,,,,,,,,,,,,,,,,,,,,,,,,,,,,,,,,,,,,,,,,,,,,,,,,,,,,,,,,,,,,,,,,,,,
0:00:00,,,,,,,,,,,,,,,,,,,,,,,,,,,,,,,,,,,,,,,,,,,,,,,,,,,,,,,,,,,,,,,,,,,,,,,,,,,,,,,,,,,,,,,,,,,,,,,,,
0:00:00,,,,,,,,,,,,,,,,,,,,,,,,,,,,,,,,,,,,,,,,,,,,,,,,,,,,,,,,,,,,,,,,,,,,,,,,,,,,,,,,,,,,,,,,,,,,,,,,,
0:00:00,,,,,,,,,,,,,,,,,,,,,,,,,,,,,,,,,,,,,,,,,,,,,,,,,,,,,,,,,,,,,,,,,,,,,,,,,,,,,,,,,,,,,,,,,,,,,,,,,
0:00:00,,,,,,,,,,,,,,,,,,,,,,,,,,,,,,,,,,,,,,,,,,,,,,,,,,,,,,,,,,,,,,,,,,,,,,,,,,,,,,,,,,,,,,,,,,,,,,,,,
0:00:00,,,,,,,,,,,,,,,,,,,,,,,,,,,,,,,,,,,,,,,,,,,,,,,,,,,,,,,,,,,,,,,,,,,,,,,,,,,,,,,,,,,,,,,,,,,,,,,,,
0:00:00,,,,,,,,,,,,,,,,,,,,,,,,,,,,,,,,,,,,,,,,,,,,,,,,,,,,,,,,,,,,,,,,,,,,,,,,,,,,,,,,,,,,,,,,,,,,,,,,,
0:00:00,,,,,,,,,,,,,,,,,,,,,,,,,,,,,,,,,,,,,,,,,,,,,,,,,,,,,,,,,,,,,,,,,,,,,,,,,,,,,,,,,,,,,,,,,,,,,,,,,

