0:24:10,37.1,0.060,0.060,0.061,0.060,0.061,0.062,0.056,0.057,0.058,0.063,0.065,0.063,0.060,0.059,0.059,0.059,0.061,0.059,0.055,0.058,0.059,0.062,0.062,0.062,0.059,0.060,0.061,0.058,0.058,0.058,0.052,0.057,0.056,0.063,0.063,0.063,0.058,0.060,0.059,0.059,0.057,0.060,0.055,0.058,0.056,0.063,0.063,0.062,0.059,0.059,0.059,0.059,0.059,0.059,0.055,0.056,0.083,0.061,0.067,0.062,0.060,0.060,0.059,0.058,0.058,0.059,0.057,0.056,0.056,0.060,0.060,0.062,0.071,0.061,0.128,0.058,0.060,0.058,0.056,0.056,0.058,0.060,0.060,0.062,0.062,0.061,0.059,0.059,0.059,0.058,0.056,0.059,0.056,0.063,0.061,0.062
0:49:10,37.1,0.065,0.064,0.065,0.064,0.065,0.066,0.060,0.061,0.062,0.067,0.068,0.067,0.061,0.060,0.060,0.062,0.065,0.063,0.059,0.062,0.062,0.065,0.066,0.066,0.060,0.060,0.062,0.062,0.061,0.062,0.055,0.059,0.059,0.066,0.065,0.065,0.059,0.062,0.060,0.062,0.060,0.063,0.057,0.060,0.058,0.064,0.064,0.063,0.061,0.060,0.063,0.061,0.062,0.062,0.057,0.058,0.057,0.062,0.061,0.062,0.062,0.063,0.062,0.062,0.060,0.061,0.058,0.057,0.057,0.060,0.061,0.062,0.072,0.064,0.120,0.059,0.061,0.059,0.057,0.057,0.058,0.060,0.060,0.062,0.064,0.064,0.062,0.060,0.060,0.059,0.057,0.060,0.057,0.063,0.061,0.062
1:14:10,37.1,0.071,0.070,0.072,0.070,0.071,0.072,0.066,0.068,0.068,0.075,0.075,0.074,0.062,0.061,0.061,0.068,0.071,0.069,0.065,0.068,0.069,0.073,0.072,0.073,0.060,0.061,0.063,0.066,0.066,0.067,0.059,0.064,0.062,0.068,0.068,0.068,0.061,0.061,0.061,0.067,0.064,0.067,0.059,0.063,0.061,0.065,0.066,0.064,0.063,0.063,0.063,0.065,0.066,0.065,0.060,0.060,0.059,0.062,0.062,0.063,0.064,0.065,0.064,0.062,0.062,0.062,0.059,0.058,0.058,0.061,0.062,0.063,0.064,0.066,0.117,0.060,0.062,0.060,0.058,0.058,0.059,0.061,0.060,0.063,0.067,0.067,0.064,0.061,0.061,0.060,0.057,0.060,0.058,0.064,0.061,0.062
1:39:10,37.1,0.079,0.078,0.080,0.078,0.079,0.080,0.073,0.075,0.076,0.084,0.084,0.084,0.062,0.062,0.062,0.075,0.079,0.076,0.072,0.076,0.076,0.082,0.081,0.082,0.061,0.062,0.063,0.072,0.071,0.072,0.064,0.069,0.067,0.072,0.071,0.071,0.061,0.063,0.062,0.070,0.068,0.071,0.063,0.066,0.064,0.067,0.107,0.066,0.064,0.064,0.065,0.069,0.067,0.068,0.061,0.062,0.061,0.064,0.064,0.064,0.065,0.066,0.065,0.065,0.063,0.064,0.061,0.060,0.060,0.062,0.062,0.064,0.070,0.070,0.068,0.062,0.064,0.062,0.060,0.059,0.061,0.061,0.061,0.064,0.069,0.069,0.066,0.062,0.062,0.061,0.058,0.061,0.059,0.065,0.062,0.063
2:04:10,37.0,0.089,0.088,0.090,0.087,0.088,0.090,0.082,0.084,0.085,0.095,0.095,0.094,0.063,0.063,0.063,0.083,0.088,0.085,0.080,0.085,0.086,0.093,0.092,0.092,0.061,0.062,0.064,0.080,0.078,0.080,0.070,0.075,0.073,0.076,0.076,0.076,0.062,0.063,0.063,0.075,0.073,0.078,0.067,0.071,0.068,0.069,0.121,0.068,0.066,0.066,0.066,0.072,0.071,0.072,0.064,0.065,0.064,0.065,0.064,0.065,0.066,0.068,0.066,0.068,0.065,0.066,0.063,0.062,0.062,0.063,0.063,0.065,0.072,0.071,0.070,0.064,0.066,0.064,0.061,0.061,0.062,0.062,0.062,0.064,0.070,0.070,0.068,0.063,0.063,0.062,0.059,0.062,0.060,0.065,0.063,0.064
2:29:10,37.1,0.102,0.101,0.103,0.100,0.101,0.103,0.094,0.096,0.097,0.109,0.109,0.108,0.064,0.064,0.064,0.094,0.101,0.097,0.091,0.097,0.098,0.110,0.105,0.105,0.062,0.063,0.065,0.088,0.087,0.089,0.077,0.082,0.080,0.081,0.080,0.081,0.062,0.064,0.064,0.081,0.079,0.084,0.072,0.076,0.073,0.071,0.072,0.070,0.066,0.065,0.066,0.076,0.075,0.076,0.067,0.069,0.067,0.066,0.065,0.067,0.067,0.068,0.067,0.071,0.069,0.069,0.065,0.065,0.064,0.064,0.064,0.065,0.073,0.072,0.071,0.066,0.068,0.066,0.063,0.062,0.064,0.063,0.063,0.065,0.071,0.072,0.069,0.064,0.064,0.064,0.060,0.063,0.061,0.065,0.063,0.065
2:54:10,37.1,0.115,0.118,0.119,0.115,0.117,0.120,0.108,0.111,0.112,0.127,0.125,0.125,0.065,0.065,0.064,0.108,0.116,0.113,0.105,0.113,0.113,0.128,0.124,0.123,0.063,0.063,0.065,0.099,0.098,0.100,0.085,0.091,0.088,0.087,0.086,0.086,0.064,0.064,0.065,0.090,0.087,0.091,0.077,0.082,0.079,0.074,0.074,0.073,0.066,0.066,0.066,0.081,0.080,0.081,0.071,0.073,0.071,0.067,0.067,0.068,0.068,0.069,0.068,0.075,0.072,0.073,0.068,0.067,0.067,0.065,0.065,0.066,0.080,0.073,0.071,0.068,0.070,0.068,0.065,0.064,0.066,0.063,0.063,0.066,0.072,0.073,0.070,0.066,0.066,0.065,0.062,0.065,0.062,0.066,0.064,0.065
3:19:10,37.0,0.130,0.135,0.138,0.134,0.138,0.133,0.127,0.131,0.130,0.150,0.144,0.148,0.065,0.066,0.065,0.126,0.138,0.132,0.123,0.132,0.132,0.148,0.148,0.146,0.063,0.064,0.066,0.112,0.110,0.112,0.094,0.100,0.098,0.094,0.092,0.092,0.064,0.065,0.065,0.099,0.096,0.099,0.084,0.088,0.086,0.077,0.077,0.076,0.066,0.066,0.067,0.087,0.087,0.087,0.076,0.077,0.095,0.069,0.068,0.070,0.069,0.070,0.069,0.079,0.076,0.076,0.071,0.070,0.070,0.066,0.066,0.067,0.068,0.072,0.072,0.070,0.073,0.070,0.067,0.066,0.068,0.064,0.064,0.066,0.072,0.074,0.073,0.067,0.067,0.066,0.063,0.066,0.064,0.067,0.064,0.066
3:44:10,37.0,0.150,0.156,0.158,0.149,0.154,0.152,0.142,0.156,0.148,0.180,0.180,0.177,0.066,0.066,0.065,0.142,0.168,0.159,0.146,0.158,0.158,0.183,0.179,0.176,0.064,0.065,0.066,0.128,0.125,0.127,0.106,0.111,0.110,0.102,0.100,0.101,0.064,0.065,0.066,0.110,0.120,0.110,0.091,0.096,0.093,0.079,0.080,0.080,0.067,0.067,0.067,0.095,0.095,0.095,0.081,0.083,0.081,0.070,0.069,0.072,0.069,0.070,0.070,0.084,0.081,0.081,0.075,0.074,0.074,0.067,0.067,0.068,0.069,0.073,0.073,0.073,0.076,0.073,0.070,0.069,0.071,0.065,0.065,0.067,0.073,0.075,0.082,0.069,0.069,0.068,0.065,0.068,0.065,0.067,0.065,0.067
4:09:10,37.0,0.188,0.178,0.184,0.171,0.176,0.187,0.165,0.170,0.181,0.219,0.219,0.213,0.066,0.066,0.066,0.163,0.220,0.188,0.176,0.190,0.197,0.224,0.219,0.211,0.065,0.065,0.067,0.148,0.145,0.146,0.120,0.124,0.123,0.111,0.109,0.112,0.064,0.066,0.066,0.122,0.132,0.122,0.100,0.105,0.101,0.081,0.083,0.084,0.067,0.067,0.068,0.104,0.103,0.103,0.087,0.089,0.087,0.072,0.070,0.074,0.070,0.071,0.070,0.090,0.087,0.088,0.079,0.079,0.079,0.068,0.068,0.069,0.070,0.073,0.073,0.077,0.079,0.076,0.073,0.072,0.074,0.066,0.065,0.068,0.073,0.076,0.073,0.071,0.071,0.070,0.067,0.070,0.067,0.068,0.066,0.067
4:34:10,37.0,0.226,0.211,0.226,0.207,0.206,0.222,0.213,0.200,0.217,0.265,0.266,0.258,0.067,0.067,0.066,0.190,0.215,0.221,0.215,0.256,0.255,0.273,0.265,0.254,0.066,0.065,0.067,0.172,0.167,0.169,0.139,0.140,0.139,0.121,0.118,0.123,0.065,0.066,0.067,0.138,0.149,0.136,0.110,0.115,0.112,0.084,0.085,0.087,0.068,0.067,0.068,0.113,0.113,0.114,0.094,0.096,0.095,0.073,0.072,0.076,0.071,0.071,0.071,0.098,0.094,0.095,0.084,0.084,0.084,0.068,0.069,0.070,0.071,0.074,0.074,0.081,0.083,0.080,0.076,0.075,0.077,0.066,0.066,0.068,0.074,0.077,0.073,0.073,0.073,0.072,0.069,0.071,0.069,0.068,0.066,0.067
4:59:10,37.0,0.274,0.263,0.271,0.256,0.255,0.265,0.255,0.255,0.260,0.318,0.320,0.309,0.068,0.067,0.067,0.230,0.239,0.234,0.279,0.236,0.229,0.327,0.315,0.302,0.067,0.066,0.067,0.201,0.194,0.200,0.160,0.161,0.160,0.132,0.129,0.134,0.065,0.066,0.067,0.155,0.167,0.152,0.122,0.127,0.124,0.087,0.088,0.091,0.069,0.068,0.069,0.125,0.125,0.125,0.102,0.104,0.133,0.074,0.073,0.079,0.071,0.072,0.072,0.106,0.102,0.103,0.090,0.090,0.089,0.069,0.069,0.071,0.071,0.075,0.075,0.085,0.087,0.085,0.080,0.079,0.081,0.067,0.066,0.069,0.074,0.078,0.075,0.075,0.075,0.074,0.071,0.074,0.072,0.069,0.067,0.068
5:24:10,37.1,0.326,0.313,0.322,0.305,0.309,0.314,0.303,0.301,0.312,0.375,0.377,0.364,0.068,0.068,0.068,0.300,0.281,0.265,0.252,0.263,0.282,0.382,0.369,0.354,0.066,0.066,0.067,0.237,0.227,0.240,0.187,0.185,0.184,0.145,0.142,0.145,0.065,0.068,0.067,0.178,0.189,0.173,0.137,0.142,0.139,0.089,0.091,0.094,0.069,0.069,0.069,0.138,0.137,0.137,0.111,0.113,0.112,0.075,0.074,0.081,0.072,0.073,0.073,0.115,0.112,0.111,0.097,0.097,0.096,0.070,0.070,0.072,0.072,0.076,0.076,0.090,0.093,0.090,0.085,0.083,0.086,0.067,0.067,0.069,0.074,0.079,0.076,0.077,0.078,0.077,0.073,0.076,0.074,0.069,0.067,0.068
5:49:10,37.0,0.387,0.370,0.377,0.358,0.362,0.367,0.357,0.354,0.365,0.432,0.436,0.422,0.069,0.068,0.068,0.358,0.344,0.310,0.295,0.324,0.335,0.434,0.421,0.407,0.067,0.067,0.067,0.277,0.270,0.285,0.220,0.215,0.214,0.162,0.155,0.158,0.066,0.068,0.067,0.202,0.214,0.199,0.154,0.160,0.156,0.092,0.170,0.097,0.070,0.069,0.070,0.154,0.152,0.154,0.122,0.125,0.123,0.076,0.075,0.082,0.073,0.074,0.073,0.125,0.122,0.122,0.104,0.104,0.104,0.070,0.071,0.073,0.073,0.076,0.077,0.097,0.099,0.096,0.091,0.089,0.092,0.068,0.067,0.070,0.075,0.079,0.077,0.080,0.081,0.080,0.077,0.079,0.078,0.069,0.067,0.068
6:14:10,37.1,0.434,0.420,0.432,0.410,0.413,0.416,0.406,0.408,0.413,0.487,0.490,0.474,0.069,0.069,0.069,0.419,0.395,0.366,0.367,0.379,0.386,0.484,0.470,0.455,0.067,0.067,0.068,0.324,0.315,0.336,0.258,0.253,0.252,0.179,0.172,0.174,0.066,0.067,0.067,0.231,0.243,0.230,0.176,0.183,0.180,0.095,0.162,0.100,0.070,0.070,0.070,0.174,0.172,0.172,0.135,0.139,0.146,0.077,0.076,0.084,0.074,0.075,0.074,0.137,0.134,0.132,0.113,0.113,0.112,0.071,0.071,0.074,0.074,0.077,0.077,0.104,0.106,0.103,0.097,0.095,0.099,0.068,0.067,0.070,0.075,0.080,0.077,0.084,0.085,0.084,0.080,0.083,0.081,0.070,0.067,0.069
6:39:10,37.0,0.472,0.468,0.482,0.460,0.467,0.468,0.456,0.458,0.463,0.537,0.542,0.526,0.070,0.069,0.069,0.470,0.441,0.417,0.417,0.427,0.436,0.530,0.523,0.498,0.067,0.067,0.068,0.375,0.366,0.391,0.304,0.295,0.298,0.202,0.190,0.192,0.067,0.067,0.068,0.268,0.280,0.267,0.202,0.210,0.208,0.098,0.180,0.103,0.071,0.070,0.071,0.197,0.195,0.196,0.151,0.155,0.168,0.078,0.077,0.085,0.075,0.076,0.075,0.150,0.147,0.146,0.123,0.123,0.123,0.071,0.072,0.074,0.074,0.079,0.078,0.112,0.115,0.111,0.105,0.102,0.106,0.068,0.068,0.070,0.075,0.081,0.078,0.087,0.088,0.087,0.084,0.087,0.086,0.070,0.068,0.069
7:04:10,37.0,0.520,0.525,0.536,0.503,0.506,0.512,0.501,0.508,0.509,0.582,0.594,0.574,0.070,0.070,0.070,0.516,0.486,0.460,0.465,0.473,0.483,0.571,0.559,0.543,0.068,0.068,0.068,0.426,0.416,0.441,0.355,0.345,0.348,0.224,0.214,0.214,0.067,0.069,0.068,0.310,0.324,0.311,0.235,0.244,0.242,0.100,0.183,0.107,0.071,0.071,0.071,0.224,0.222,0.223,0.174,0.175,0.203,0.079,0.078,0.086,0.075,0.076,0.076,0.166,0.164,0.162,0.136,0.136,0.136,0.072,0.072,0.074,0.075,0.079,0.079,0.121,0.123,0.120,0.113,0.109,0.114,0.068,0.068,0.070,0.075,0.081,0.078,0.092,0.093,0.092,0.089,0.092,0.091,0.070,0.068,0.069
7:29:10,37.1,0.560,0.567,0.576,0.542,0.544,0.551,0.550,0.554,0.556,0.623,0.633,0.618,0.070,0.070,0.070,0.555,0.522,0.516,0.506,0.510,0.518,0.609,0.597,0.576,0.067,0.067,0.068,0.471,0.465,0.487,0.407,0.397,0.399,0.253,0.239,0.238,0.067,0.067,0.068,0.356,0.372,0.359,0.276,0.284,0.282,0.103,0.188,0.110,0.072,0.071,0.072,0.256,0.253,0.255,0.200,0.200,0.194,0.080,0.078,0.087,0.076,0.077,0.076,0.186,0.182,0.180,0.150,0.151,0.150,0.072,0.072,0.075,0.076,0.080,0.079,0.130,0.132,0.129,0.124,0.118,0.123,0.069,0.068,0.070,0.075,0.082,0.078,0.097,0.099,0.098,0.095,0.098,0.096,0.070,0.068,0.070
7:54:10,37.0,0.597,0.608,0.619,0.579,0.581,0.583,0.587,0.591,0.592,0.657,0.669,0.649,0.071,0.071,0.070,0.591,0.557,0.558,0.543,0.545,0.553,0.645,0.630,0.614,0.068,0.068,0.068,0.509,0.507,0.530,0.455,0.446,0.446,0.286,0.270,0.267,0.068,0.067,0.069,0.403,0.418,0.408,0.322,0.328,0.328,0.106,0.193,0.114,0.073,0.072,0.073,0.293,0.290,0.292,0.230,0.232,0.221,0.080,0.079,0.088,0.077,0.078,0.077,0.208,0.204,0.202,0.167,0.169,0.168,0.073,0.073,0.075,0.076,0.081,0.080,0.142,0.143,0.140,0.135,0.129,0.134,0.069,0.068,0.071,0.075,0.082,0.078,0.104,0.106,0.105,0.101,0.104,0.103,0.070,0.068,0.070
8:19:10,37.0,0.628,0.643,0.652,0.607,0.609,0.611,0.620,0.622,0.626,0.692,0.697,0.678,0.071,0.071,0.071,0.623,0.583,0.588,0.572,0.576,0.583,0.672,0.653,0.639,0.067,0.068,0.069,0.544,0.543,0.566,0.497,0.490,0.489,0.323,0.306,0.300,0.068,0.067,0.069,0.448,0.455,0.455,0.369,0.376,0.376,0.108,0.195,0.117,0.073,0.073,0.073,0.334,0.330,0.334,0.264,0.264,0.253,0.081,0.080,0.088,0.077,0.079,0.078,0.234,0.230,0.228,0.187,0.189,0.189,0.073,0.073,0.075,0.077,0.082,0.080,0.155,0.157,0.153,0.147,0.141,0.147,0.069,0.068,0.071,0.074,0.083,0.078,0.110,0.112,0.111,0.108,0.111,0.110,0.071,0.069,0.070
8:44:10,37.0,0.655,0.673,0.680,0.629,0.632,0.634,0.645,0.652,0.656,0.710,0.721,0.702,0.071,0.071,0.071,0.658,0.605,0.614,0.600,0.603,0.607,0.690,0.670,0.659,0.068,0.068,0.069,0.579,0.577,0.601,0.538,0.533,0.525,0.365,0.344,0.337,0.069,0.070,0.069,0.488,0.505,0.498,0.415,0.422,0.422,0.111,0.200,0.121,0.073,0.073,0.074,0.378,0.374,0.378,0.302,0.305,0.290,0.081,0.080,0.088,0.078,0.080,0.079,0.264,0.260,0.258,0.212,0.213,0.214,0.073,0.073,0.076,0.077,0.083,0.080,0.171,0.173,0.168,0.161,0.155,0.162,0.069,0.069,0.071,0.074,0.083,0.078,0.117,0.120,0.119,0.116,0.119,0.118,0.071,0.069,0.071
9:09:10,37.0,0.679,0.700,0.706,0.649,0.652,0.656,0.668,0.677,0.677,0.731,0.746,0.723,0.072,0.071,0.071,0.685,0.628,0.637,0.623,0.625,0.634,0.711,0.690,0.684,0.068,0.068,0.069,0.610,0.610,0.633,0.571,0.569,0.562,0.410,0.386,0.376,0.069,0.070,0.070,0.525,0.543,0.534,0.460,0.464,0.466,0.114,0.156,0.126,0.074,0.074,0.075,0.422,0.417,0.422,0.345,0.348,0.332,0.082,0.081,0.089,0.078,0.080,0.080,0.299,0.294,0.292,0.242,0.242,0.243,0.073,0.074,0.076,0.077,0.084,0.080,0.190,0.191,0.186,0.179,0.173,0.180,0.069,0.069,0.071,0.074,0.083,0.079,0.125,0.129,0.127,0.125,0.128,0.128,0.071,0.069,0.071
9:34:10,37.0,0.706,0.711,0.726,0.665,0.664,0.675,0.692,0.698,0.703,0.751,0.763,0.743,0.072,0.072,0.071,0.715,0.648,0.659,0.644,0.648,0.653,0.730,0.713,0.692,0.068,0.068,0.069,0.642,0.642,0.667,0.603,0.607,0.599,0.451,0.430,0.417,0.069,0.070,0.070,0.558,0.578,0.568,0.503,0.503,0.506,0.117,0.197,0.131,0.075,0.074,0.075,0.464,0.459,0.462,0.389,0.393,0.376,0.082,0.081,0.089,0.079,0.084,0.081,0.337,0.331,0.328,0.275,0.278,0.276,0.073,0.074,0.076,0.077,0.084,0.080,0.212,0.212,0.207,0.200,0.193,0.201,0.069,0.069,0.071,0.074,0.082,0.079,0.135,0.138,0.137,0.136,0.139,0.139,0.071,0.069,0.072
9:59:10,37.0,0.720,0.731,0.746,0.684,0.685,0.694,0.716,0.716,0.726,0.765,0.778,0.761,0.072,0.072,0.072,0.737,0.667,0.676,0.664,0.665,0.675,0.746,0.730,0.707,0.068,0.068,0.069,0.671,0.669,0.696,0.637,0.638,0.636,0.489,0.471,0.455,0.070,0.070,0.070,0.590,0.610,0.601,0.539,0.544,0.548,0.120,0.165,0.136,0.075,0.075,0.076,0.501,0.496,0.499,0.434,0.439,0.424,0.082,0.082,0.090,0.079,0.081,0.081,0.378,0.371,0.368,0.313,0.317,0.314,0.073,0.074,0.076,0.078,0.084,0.080,0.237,0.237,0.232,0.224,0.217,0.225,0.069,0.069,0.071,0.074,0.082,0.078,0.145,0.150,0.149,0.148,0.152,0.152,0.072,0.070,0.072
10:24:10,37.0,0.730,0.735,0.748,0.696,0.697,0.705,0.730,0.725,0.733,0.779,0.787,0.776,0.072,0.072,0.072,0.760,0.681,0.692,0.684,0.685,0.690,0.758,0.741,0.721,0.068,0.068,0.069,0.690,0.698,0.722,0.668,0.666,0.664,0.521,0.509,0.489,0.070,0.070,0.071,0.618,0.641,0.633,0.570,0.579,0.584,0.123,0.135,0.142,0.076,0.075,0.080,0.536,0.529,0.532,0.474,0.481,0.463,0.083,0.082,0.090,0.080,0.081,0.082,0.419,0.411,0.407,0.353,0.358,0.353,0.073,0.074,0.076,0.078,0.084,0.080,0.266,0.265,0.260,0.252,0.246,0.255,0.069,0.069,0.071,0.074,0.083,0.078,0.158,0.164,0.162,0.163,0.166,0.167,0.072,0.070,0.073
10:49:10,37.1,0.745,0.752,0.765,0.711,0.712,0.720,0.745,0.740,0.748,0.790,0.797,0.789,0.072,0.073,0.072,0.776,0.693,0.705,0.700,0.703,0.710,0.767,0.749,0.732,0.068,0.068,0.070,0.714,0.716,0.742,0.697,0.693,0.690,0.553,0.545,0.527,0.070,0.071,0.071,0.643,0.667,0.660,0.598,0.612,0.619,0.127,0.140,0.147,0.076,0.075,0.077,0.566,0.559,0.563,0.511,0.519,0.500,0.083,0.083,0.091,0.080,0.082,0.082,0.460,0.448,0.444,0.394,0.398,0.394,0.074,0.074,0.076,0.078,0.084,0.080,0.298,0.296,0.292,0.285,0.277,0.287,0.069,0.069,0.071,0.074,0.082,0.079,0.172,0.179,0.177,0.180,0.184,0.184,0.073,0.070,0.073
11:14:10,36.9,0.754,0.762,0.775,0.723,0.723,0.732,0.755,0.752,0.760,0.801,0.807,0.800,0.072,0.073,0.072,0.785,0.702,0.720,0.712,0.715,0.724,0.776,0.757,0.742,0.068,0.068,0.070,0.731,0.738,0.759,0.723,0.724,0.712,0.587,0.567,0.549,0.070,0.070,0.071,0.673,0.683,0.686,0.630,0.645,0.654,0.131,0.145,0.154,0.077,0.076,0.077,0.593,0.588,0.592,0.544,0.550,0.533,0.084,0.083,0.091,0.080,0.082,0.083,0.498,0.484,0.480,0.433,0.440,0.435,0.074,0.074,0.076,0.078,0.084,0.080,0.334,0.331,0.326,0.321,0.313,0.324,0.069,0.069,0.071,0.073,0.082,0.078,0.188,0.196,0.195,0.200,0.203,0.205,0.073,0.071,0.074
11:39:10,37.0,0.766,0.773,0.785,0.735,0.737,0.742,0.765,0.765,0.773,0.808,0.815,0.809,0.073,0.073,0.072,0.796,0.714,0.730,0.724,0.725,0.738,0.783,0.766,0.749,0.068,0.069,0.070,0.749,0.753,0.774,0.739,0.741,0.732,0.617,0.596,0.579,0.071,0.070,0.071,0.695,0.710,0.711,0.659,0.671,0.682,0.135,0.152,0.161,0.077,0.077,0.078,0.618,0.615,0.620,0.576,0.581,0.566,0.084,0.084,0.091,0.081,0.082,0.083,0.531,0.517,0.513,0.471,0.480,0.477,0.074,0.075,0.076,0.078,0.084,0.081,0.371,0.367,0.363,0.358,0.350,0.362,0.070,0.069,0.071,0.073,0.082,0.079,0.207,0.216,0.215,0.222,0.226,0.228,0.073,0.071,0.074
12:04:10,37.0,0.772,0.781,0.794,0.746,0.746,0.751,0.776,0.773,0.780,0.817,0.823,0.817,0.073,0.073,0.072,0.808,0.723,0.738,0.733,0.732,0.745,0.790,0.772,0.757,0.068,0.068,0.070,0.764,0.769,0.786,0.756,0.759,0.745,0.640,0.626,0.606,0.071,0.071,0.071,0.719,0.729,0.732,0.685,0.696,0.704,0.140,0.159,0.170,0.078,0.077,0.078,0.645,0.640,0.646,0.604,0.611,0.595,0.085,0.084,0.092,0.081,0.083,0.083,0.563,0.547,0.543,0.506,0.515,0.510,0.074,0.074,0.076,0.079,0.084,0.081,0.408,0.403,0.399,0.396,0.389,0.401,0.070,0.069,0.071,0.073,0.082,0.078,0.228,0.239,0.237,0.248,0.251,0.254,0.074,0.071,0.075
12:29:10,37.0,0.780,0.789,0.802,0.754,0.755,0.759,0.783,0.783,0.791,0.822,0.828,0.824,0.073,0.073,0.072,0.816,0.732,0.744,0.741,0.740,0.751,0.794,0.778,0.762,0.068,0.068,0.070,0.777,0.779,0.800,0.771,0.771,0.761,0.666,0.656,0.632,0.071,0.071,0.072,0.737,0.750,0.750,0.713,0.719,0.727,0.147,0.167,0.179,0.078,0.078,0.079,0.672,0.667,0.671,0.631,0.638,0.624,0.086,0.085,0.092,0.081,0.083,0.084,0.591,0.575,0.571,0.537,0.544,0.539,0.074,0.075,0.076,0.078,0.085,0.081,0.444,0.438,0.436,0.432,0.426,0.439,0.070,0.069,0.072,0.073,0.082,0.078,0.251,0.264,0.262,0.275,0.280,0.282,0.074,0.072,0.075
12:54:10,37.0,0.788,0.794,0.808,0.759,0.761,0.765,0.791,0.788,0.796,0.828,0.834,0.829,0.073,0.073,0.072,0.824,0.737,0.749,0.749,0.747,0.757,0.800,0.782,0.768,0.068,0.068,0.070,0.788,0.788,0.805,0.783,0.786,0.773,0.687,0.679,0.656,0.071,0.071,0.072,0.752,0.764,0.763,0.727,0.736,0.747,0.154,0.182,0.189,0.078,0.078,0.079,0.694,0.687,0.692,0.660,0.667,0.655,0.086,0.086,0.093,0.081,0.083,0.084,0.618,0.602,0.598,0.567,0.574,0.567,0.075,0.075,0.076,0.078,0.084,0.080,0.477,0.470,0.469,0.467,0.460,0.475,0.070,0.070,0.072,0.072,0.081,0.078,0.277,0.291,0.289,0.304,0.308,0.312,0.075,0.072,0.076
13:19:10,37.0,0.791,0.800,0.813,0.764,0.768,0.770,0.796,0.796,0.802,0.832,0.838,0.834,0.073,0.073,0.072,0.826,0.743,0.754,0.756,0.753,0.763,0.804,0.787,0.771,0.068,0.068,0.070,0.802,0.802,0.818,0.793,0.797,0.784,0.707,0.701,0.678,0.071,0.071,0.072,0.765,0.780,0.776,0.751,0.754,0.761,0.163,0.186,0.201,0.079,0.078,0.079,0.717,0.710,0.714,0.682,0.694,0.678,0.087,0.087,0.094,0.082,0.084,0.084,0.643,0.628,0.623,0.595,0.603,0.595,0.075,0.075,0.077,0.079,0.085,0.080,0.509,0.501,0.500,0.500,0.492,0.507,0.070,0.070,0.072,0.072,0.081,0.078,0.303,0.318,0.316,0.334,0.338,0.341,0.075,0.073,0.076
13:44:10,37.0,0.797,0.804,0.818,0.768,0.771,0.775,0.802,0.800,0.806,0.835,0.843,0.838,0.073,0.073,0.072,0.831,0.749,0.758,0.760,0.759,0.768,0.808,0.791,0.776,0.068,0.068,0.069,0.801,0.805,0.824,0.803,0.806,0.793,0.723,0.723,0.696,0.072,0.070,0.073,0.776,0.789,0.788,0.758,0.764,0.775,0.173,0.197,0.214,0.080,0.079,0.080,0.732,0.727,0.728,0.705,0.716,0.703,0.089,0.088,0.094,0.082,0.084,0.085,0.667,0.652,0.647,0.620,0.628,0.620,0.075,0.076,0.077,0.078,0.085,0.080,0.537,0.527,0.528,0.529,0.522,0.536,0.071,0.070,0.073,0.072,0.081,0.078,0.330,0.346,0.344,0.362,0.366,0.369,0.076,0.074,0.077
14:09:10,36.9,0.800,0.809,0.821,0.773,0.776,0.779,0.806,0.805,0.811,0.838,0.845,0.842,0.072,0.073,0.072,0.833,0.753,0.762,0.765,0.764,0.772,0.812,0.795,0.779,0.067,0.068,0.069,0.807,0.813,0.831,0.808,0.813,0.799,0.738,0.739,0.712,0.072,0.071,0.073,0.784,0.799,0.792,0.770,0.778,0.788,0.184,0.209,0.229,0.080,0.079,0.080,0.749,0.740,0.743,0.721,0.737,0.721,0.090,0.090,0.096,0.082,0.084,0.085,0.690,0.674,0.668,0.646,0.653,0.646,0.076,0.077,0.077,0.078,0.084,0.080,0.562,0.553,0.554,0.557,0.549,0.563,0.071,0.071,0.073,0.072,0.081,0.085,0.357,0.373,0.371,0.390,0.394,0.397,0.077,0.075,0.078
14:34:10,37.0,0.801,0.813,0.825,0.777,0.780,0.782,0.810,0.810,0.815,0.841,0.849,0.844,0.073,0.073,0.072,0.837,0.756,0.764,0.769,0.768,0.777,0.815,0.800,0.781,0.067,0.068,0.069,0.809,0.816,0.837,0.816,0.820,0.807,0.752,0.753,0.723,0.072,0.072,0.073,0.791,0.811,0.800,0.779,0.787,0.797,0.197,0.224,0.245,0.080,0.079,0.081,0.759,0.755,0.755,0.738,0.754,0.738,0.093,0.092,0.097,0.082,0.084,0.085,0.709,0.692,0.686,0.669,0.677,0.669,0.077,0.078,0.078,0.078,0.085,0.080,0.587,0.578,0.578,0.583,0.575,0.590,0.072,0.072,0.074,0.071,0.080,0.077,0.383,0.399,0.397,0.416,0.420,0.422,0.078,0.075,0.079
14:59:10,37.0,0.802,0.814,0.827,0.779,0.781,0.784,0.813,0.813,0.817,0.843,0.850,0.848,0.072,0.073,0.072,0.837,0.760,0.767,0.774,0.773,0.782,0.816,0.800,0.783,0.067,0.068,0.069,0.814,0.823,0.841,0.821,0.829,0.812,0.762,0.767,0.736,0.072,0.070,0.073,0.799,0.813,0.808,0.788,0.798,0.807,0.211,0.241,0.264,0.081,0.080,0.081,0.772,0.763,0.766,0.752,0.769,0.753,0.095,0.094,0.099,0.082,0.084,0.085,0.730,0.713,0.706,0.689,0.698,0.691,0.079,0.079,0.079,0.078,0.084,0.080,0.611,0.601,0.602,0.608,0.600,0.614,0.073,0.072,0.075,0.071,0.080,0.077,0.407,0.424,0.420,0.440,0.444,0.445,0.079,0.077,0.080
15:24:10,37.0,0.805,0.816,0.830,0.781,0.784,0.786,0.815,0.815,0.820,0.844,0.853,0.849,0.072,0.072,0.072,0.840,0.762,0.770,0.777,0.775,0.784,0.820,0.805,0.784,0.067,0.068,0.069,0.814,0.823,0.847,0.827,0.832,0.818,0.773,0.779,0.746,0.073,0.070,0.073,0.804,0.820,0.817,0.796,0.806,0.815,0.230,0.260,0.284,0.081,0.080,0.081,0.779,0.774,0.776,0.762,0.778,0.764,0.098,0.097,0.101,0.082,0.085,0.085,0.743,0.726,0.718,0.710,0.719,0.710,0.080,0.080,0.080,0.078,0.084,0.080,0.634,0.623,0.624,0.629,0.622,0.637,0.074,0.074,0.076,0.071,0.080,0.077,0.429,0.446,0.444,0.462,0.465,0.467,0.080,0.078,0.080
15:49:10,37.0,0.805,0.817,0.832,0.783,0.785,0.788,0.817,0.819,0.822,0.846,0.855,0.851,0.072,0.072,0.071,0.842,0.764,0.771,0.780,0.779,0.787,0.823,0.807,0.786,0.067,0.068,0.069,0.819,0.826,0.850,0.830,0.837,0.821,0.783,0.787,0.756,0.073,0.071,0.073,0.809,0.824,0.820,0.801,0.813,0.822,0.250,0.282,0.307,0.081,0.080,0.082,0.788,0.782,0.783,0.775,0.790,0.776,0.103,0.102,0.104,0.082,0.085,0.085,0.758,0.741,0.733,0.723,0.733,0.726,0.082,0.082,0.082,0.078,0.084,0.080,0.654,0.641,0.643,0.653,0.643,0.659,0.075,0.075,0.078,0.071,0.080,0.076,0.450,0.467,0.463,0.482,0.486,0.487,0.082,0.079,0.081
16:14:10,37.0,0.805,0.818,0.832,0.784,0.787,0.789,0.819,0.820,0.824,0.846,0.856,0.852,0.072,0.072,0.071,0.843,0.765,0.773,0.783,0.780,0.791,0.823,0.808,0.786,0.067,0.068,0.069,0.821,0.830,0.853,0.833,0.838,0.825,0.791,0.796,0.764,0.073,0.070,0.073,0.813,0.829,0.826,0.808,0.819,0.828,0.275,0.306,0.332,0.082,0.081,0.082,0.795,0.790,0.790,0.781,0.797,0.783,0.109,0.107,0.107,0.082,0.085,0.085,0.768,0.751,0.743,0.739,0.749,0.742,0.085,0.084,0.083,0.077,0.084,0.080,0.674,0.659,0.660,0.672,0.664,0.680,0.077,0.077,0.079,0.070,0.079,0.075,0.469,0.487,0.483,0.502,0.506,0.506,0.083,0.081,0.081
16:39:10,37.1,0.804,0.819,0.833,0.786,0.788,0.790,0.820,0.822,0.824,0.847,0.857,0.853,0.072,0.072,0.071,0.844,0.766,0.774,0.785,0.783,0.793,0.825,0.809,0.787,0.067,0.067,0.069,0.825,0.831,0.854,0.837,0.843,0.828,0.800,0.801,0.770,0.074,0.070,0.073,0.817,0.833,0.831,0.812,0.822,0.833,0.300,0.335,0.358,0.082,0.081,0.082,0.800,0.796,0.796,0.790,0.806,0.793,0.116,0.113,0.112,0.082,0.085,0.086,0.780,0.760,0.753,0.748,0.758,0.752,0.088,0.088,0.086,0.077,0.084,0.080,0.692,0.676,0.678,0.690,0.681,0.696,0.079,0.079,0.082,0.070,0.079,0.075,0.487,0.506,0.502,0.521,0.524,0.525,0.084,0.082,0.083
17:04:10,37.1,0.804,0.819,0.833,0.788,0.790,0.791,0.821,0.823,0.825,0.847,0.858,0.854,0.072,0.072,0.071,0.845,0.768,0.774,0.786,0.784,0.794,0.826,0.810,0.788,0.067,0.067,0.068,0.825,0.833,0.851,0.839,0.845,0.831,0.806,0.807,0.779,0.074,0.071,0.073,0.820,0.836,0.834,0.817,0.826,0.838,0.330,0.365,0.385,0.082,0.081,0.082,0.807,0.801,0.801,0.795,0.812,0.799,0.125,0.122,0.117,0.082,0.085,0.086,0.787,0.770,0.762,0.761,0.770,0.764,0.092,0.091,0.088,0.077,0.084,0.079,0.708,0.689,0.691,0.706,0.699,0.715,0.082,0.081,0.084,0.070,0.079,0.075,0.505,0.522,0.518,0.538,0.542,0.541,0.086,0.084,0.084
17:29:10,37.1,0.802,0.820,0.834,0.788,0.791,0.792,0.822,0.825,0.826,0.847,0.859,0.855,0.072,0.072,0.071,0.846,0.768,0.774,0.788,0.786,0.795,0.827,0.811,0.788,0.067,0.067,0.069,0.826,0.834,0.853,0.842,0.846,0.833,0.812,0.812,0.784,0.074,0.071,0.074,0.824,0.839,0.838,0.820,0.828,0.841,0.359,0.397,0.413,0.082,0.082,0.083,0.810,0.806,0.806,0.801,0.817,0.806,0.137,0.132,0.125,0.082,0.085,0.086,0.796,0.776,0.769,0.768,0.777,0.772,0.097,0.096,0.092,0.077,0.084,0.079,0.724,0.704,0.705,0.720,0.712,0.729,0.085,0.085,0.087,0.069,0.079,0.075,0.521,0.539,0.535,0.554,0.557,0.558,0.089,0.087,0.085
17:54:10,37.1,0.800,0.818,0.834,0.787,0.791,0.791,0.821,0.825,0.826,0.847,0.859,0.854,0.071,0.072,0.071,0.846,0.768,0.775,0.788,0.787,0.795,0.826,0.810,0.788,0.066,0.067,0.068,0.828,0.836,0.853,0.842,0.846,0.834,0.818,0.819,0.790,0.074,0.071,0.074,0.826,0.840,0.840,0.822,0.832,0.844,0.393,0.429,0.441,0.082,0.082,0.083,0.815,0.808,0.810,0.806,0.823,0.811,0.151,0.145,0.133,0.082,0.086,0.086,0.802,0.785,0.777,0.777,0.786,0.780,0.104,0.102,0.096,0.077,0.083,0.079,0.735,0.714,0.716,0.732,0.727,0.743,0.089,0.088,0.090,0.069,0.078,0.075,0.536,0.554,0.549,0.569,0.573,0.571,0.091,0.089,0.086
18:19:10,37.0,0.799,0.818,0.834,0.788,0.790,0.791,0.822,0.826,0.826,0.847,0.859,0.855,0.071,0.072,0.071,0.846,0.768,0.774,0.789,0.790,0.796,0.826,0.811,0.788,0.066,0.067,0.068,0.829,0.838,0.854,0.844,0.848,0.836,0.822,0.824,0.794,0.075,0.071,0.074,0.829,0.844,0.843,0.825,0.835,0.846,0.427,0.461,0.467,0.083,0.082,0.083,0.818,0.813,0.814,0.811,0.826,0.816,0.169,0.161,0.144,0.082,0.086,0.086,0.810,0.789,0.781,0.783,0.792,0.786,0.112,0.109,0.101,0.077,0.083,0.079,0.747,0.725,0.726,0.743,0.735,0.752,0.094,0.093,0.095,0.069,0.078,0.074,0.550,0.567,0.562,0.582,0.586,0.585,0.094,0.092,0.088
18:44:10,37.1,0.798,0.816,0.832,0.787,0.789,0.790,0.822,0.826,0.826,0.846,0.859,0.855,0.071,0.072,0.071,0.846,0.768,0.774,0.790,0.788,0.796,0.826,0.810,0.788,0.067,0.067,0.068,0.830,0.839,0.855,0.845,0.849,0.837,0.828,0.829,0.800,0.075,0.071,0.074,0.831,0.846,0.844,0.828,0.838,0.848,0.461,0.556,0.493,0.083,0.082,0.083,0.822,0.816,0.817,0.815,0.832,0.820,0.191,0.181,0.157,0.082,0.086,0.086,0.815,0.795,0.788,0.790,0.799,0.793,0.122,0.119,0.108,0.077,0.083,0.079,0.755,0.732,0.734,0.751,0.746,0.762,0.100,0.099,0.100,0.069,0.078,0.074,0.563,0.579,0.573,0.595,0.600,0.597,0.098,0.095,0.089
19:09:10,37.0,0.796,0.815,0.832,0.787,0.788,0.790,0.821,0.824,0.825,0.846,0.859,0.855,0.071,0.072,0.071,0.844,0.768,0.774,0.791,0.788,0.796,0.825,0.811,0.788,0.067,0.067,0.068,0.832,0.839,0.855,0.846,0.849,0.839,0.832,0.834,0.803,0.075,0.071,0.074,0.833,0.848,0.847,0.830,0.840,0.850,0.517,0.579,0.517,0.083,0.083,0.084,0.825,0.820,0.821,0.817,0.833,0.823,0.219,0.206,0.173,0.082,0.086,0.086,0.819,0.799,0.792,0.795,0.804,0.797,0.135,0.130,0.116,0.077,0.083,0.079,0.764,0.741,0.742,0.760,0.753,0.769,0.107,0.107,0.106,0.068,0.077,0.074,0.573,0.589,0.584,0.605,0.610,0.608,0.101,0.100,0.091
19:34:10,37.1,0.795,0.814,0.830,0.787,0.788,0.791,0.821,0.824,0.824,0.846,0.858,0.855,0.071,0.071,0.070,0.844,0.768,0.773,0.790,0.788,0.796,0.823,0.810,0.788,0.066,0.067,0.068,0.834,0.841,0.857,0.847,0.851,0.841,0.835,0.838,0.808,0.075,0.071,0.074,0.835,0.849,0.848,0.832,0.842,0.851,0.522,0.546,0.540,0.083,0.083,0.084,0.828,0.823,0.823,0.821,0.836,0.826,0.255,0.237,0.193,0.082,0.086,0.086,0.824,0.805,0.797,0.799,0.808,0.802,0.151,0.145,0.126,0.076,0.083,0.079,0.771,0.746,0.749,0.766,0.761,0.778,0.116,0.116,0.113,0.068,0.077,0.074,0.583,0.599,0.593,0.616,0.622,0.618,0.106,0.104,0.093
19:59:10,37.1,0.793,0.812,0.829,0.787,0.789,0.790,0.821,0.825,0.824,0.846,0.858,0.854,0.071,0.071,0.071,0.844,0.767,0.772,0.791,0.789,0.796,0.823,0.810,0.787,0.066,0.067,0.068,0.835,0.842,0.858,0.849,0.853,0.843,0.840,0.843,0.813,0.075,0.072,0.075,0.838,0.852,0.849,0.834,0.843,0.853,0.549,0.571,0.561,0.083,0.083,0.084,0.831,0.825,0.826,0.823,0.839,0.828,0.294,0.276,0.219,0.082,0.086,0.086,0.826,0.808,0.800,0.804,0.813,0.807,0.171,0.163,0.138,0.076,0.082,0.078,0.778,0.754,0.755,0.772,0.766,0.783,0.127,0.127,0.123,0.067,0.077,0.073,0.591,0.609,0.603,0.625,0.634,0.629,0.112,0.110,0.096
20:24:10,37.0,0.792,0.813,0.829,0.787,0.788,0.790,0.820,0.824,0.824,0.846,0.858,0.854,0.071,0.071,0.070,0.843,0.766,0.772,0.791,0.788,0.796,0.820,0.807,0.787,0.066,0.066,0.068,0.835,0.842,0.858,0.850,0.854,0.844,0.843,0.845,0.816,0.075,0.072,0.074,0.841,0.854,0.852,0.835,0.844,0.855,0.576,0.595,0.580,0.083,0.083,0.084,0.835,0.829,0.829,0.825,0.842,0.831,0.336,0.315,0.249,0.081,0.086,0.086,0.831,0.812,0.804,0.807,0.816,0.811,0.196,0.185,0.153,0.076,0.082,0.078,0.783,0.757,0.761,0.777,0.773,0.788,0.141,0.141,0.133,0.067,0.076,0.073,0.600,0.616,0.610,0.636,0.644,0.637,0.119,0.116,0.098
20:49:10,37.0,0.791,0.811,0.827,0.787,0.788,0.790,0.821,0.824,0.824,0.847,0.858,0.854,0.071,0.071,0.070,0.843,0.765,0.772,0.791,0.788,0.796,0.821,0.807,0.787,0.066,0.066,0.068,0.836,0.844,0.859,0.851,0.856,0.845,0.848,0.851,0.820,0.075,0.072,0.075,0.843,0.857,0.854,0.838,0.847,0.858,0.600,0.618,0.600,0.083,0.083,0.084,0.836,0.832,0.831,0.828,0.843,0.833,0.379,0.356,0.278,0.082,0.085,0.086,0.834,0.816,0.807,0.812,0.820,0.815,0.225,0.212,0.171,0.076,0.082,0.078,0.789,0.764,0.766,0.783,0.776,0.794,0.158,0.157,0.146,0.066,0.076,0.073,0.607,0.625,0.618,0.644,0.653,0.646,0.127,0.123,0.101
21:14:10,37.0,0.790,0.810,0.827,0.787,0.787,0.789,0.820,0.824,0.824,0.847,0.858,0.854,0.070,0.071,0.070,0.843,0.765,0.772,0.791,0.789,0.796,0.821,0.806,0.787,0.065,0.066,0.067,0.836,0.844,0.858,0.853,0.857,0.847,0.851,0.855,0.824,0.075,0.072,0.075,0.845,0.858,0.855,0.840,0.849,0.860,0.625,0.638,0.617,0.083,0.083,0.084,0.841,0.834,0.833,0.830,0.846,0.836,0.422,0.397,0.309,0.081,0.086,0.086,0.838,0.819,0.811,0.815,0.823,0.817,0.265,0.248,0.193,0.076,0.082,0.078,0.793,0.768,0.771,0.785,0.781,0.796,0.179,0.178,0.161,0.066,0.076,0.073,0.615,0.632,0.625,0.649,0.657,0.652,0.137,0.134,0.104
21:39:10,37.0,0.793,0.809,0.826,0.786,0.788,0.790,0.820,0.824,0.824,0.847,0.858,0.854,0.070,0.071,0.070,0.843,0.764,0.772,0.791,0.789,0.796,0.820,0.804,0.788,0.065,0.066,0.067,0.837,0.845,0.859,0.853,0.858,0.849,0.854,0.860,0.827,0.076,0.072,0.075,0.847,0.860,0.857,0.841,0.850,0.862,0.646,0.658,0.631,0.083,0.083,0.084,0.843,0.837,0.837,0.832,0.849,0.839,0.476,0.437,0.340,0.081,0.085,0.086,0.840,0.822,0.815,0.816,0.825,0.820,0.302,0.285,0.223,0.075,0.082,0.078,0.797,0.772,0.775,0.788,0.782,0.800,0.207,0.205,0.183,0.065,0.076,0.072,0.623,0.640,0.633,0.653,0.661,0.653,0.148,0.144,0.107
22:04:10,37.1,0.787,0.808,0.825,0.787,0.788,0.789,0.820,0.823,0.823,0.848,0.859,0.854,0.070,0.070,0.070,0.843,0.764,0.773,0.792,0.789,0.798,0.820,0.804,0.787,0.065,0.066,0.067,0.837,0.845,0.859,0.854,0.858,0.848,0.857,0.862,0.830,0.076,0.072,0.075,0.848,0.861,0.858,0.843,0.851,0.863,0.666,0.674,0.645,0.083,0.083,0.084,0.846,0.840,0.840,0.835,0.852,0.841,0.519,0.474,0.371,0.081,0.085,0.085,0.842,0.823,0.815,0.819,0.828,0.824,0.341,0.321,0.251,0.075,0.081,0.077,0.798,0.776,0.779,0.791,0.786,0.804,0.236,0.232,0.203,0.065,0.075,0.072,0.628,0.645,0.638,0.655,0.664,0.656,0.157,0.153,0.111
22:29:10,37.0,0.784,0.807,0.825,0.786,0.787,0.789,0.820,0.824,0.824,0.847,0.859,0.854,0.070,0.070,0.070,0.842,0.765,0.774,0.794,0.789,0.798,0.821,0.804,0.789,0.065,0.066,0.067,0.837,0.845,0.859,0.854,0.859,0.849,0.860,0.866,0.833,0.076,0.072,0.075,0.849,0.862,0.858,0.844,0.853,0.864,0.684,0.689,0.657,0.083,0.083,0.085,0.848,0.842,0.842,0.837,0.856,0.843,0.556,0.509,0.400,0.081,0.085,0.086,0.846,0.826,0.818,0.822,0.832,0.827,0.381,0.359,0.279,0.075,0.081,0.077,0.801,0.776,0.780,0.795,0.789,0.807,0.266,0.261,0.224,0.064,0.075,0.071,0.634,0.647,0.640,0.659,0.667,0.658,0.168,0.163,0.115
22:54:10,37.0,0.782,0.806,0.824,0.785,0.787,0.789,0.820,0.823,0.823,0.847,0.859,0.855,0.070,0.070,0.070,0.843,0.764,0.773,0.793,0.790,0.798,0.821,0.804,0.790,0.065,0.066,0.067,0.837,0.845,0.859,0.855,0.859,0.850,0.863,0.869,0.835,0.076,0.073,0.075,0.850,0.863,0.859,0.845,0.854,0.865,0.699,0.702,0.668,0.083,0.083,0.085,0.850,0.845,0.844,0.840,0.857,0.845,0.580,0.543,0.429,0.081,0.085,0.085,0.849,0.829,0.821,0.825,0.834,0.828,0.421,0.397,0.309,0.074,0.081,0.077,0.804,0.778,0.782,0.797,0.792,0.809,0.298,0.292,0.247,0.063,0.075,0.072,0.635,0.650,0.643,0.661,0.670,0.661,0.180,0.174,0.117
0:00:00,,,,,,,,,,,,,,,,,,,,,,,,,,,,,,,,,,,,,,,,,,,,,,,,,,,,,,,,,,,,,,,,,,,,,,,,,,,,,,,,,,,,,,,,,,,,,,,,,
0:00:00,,,,,,,,,,,,,,,,,,,,,,,,,,,,,,,,,,,,,,,,,,,,,,,,,,,,,,,,,,,,,,,,,,,,,,,,,,,,,,,,,,,,,,,,,,,,,,,,,
0:00:00,,,,,,,,,,,,,,,,,,,,,,,,,,,,,,,,,,,,,,,,,,,,,,,,,,,,,,,,,,,,,,,,,,,,,,,,,,,,,,,,,,,,,,,,,,,,,,,,,
0:00:00,,,,,,,,,,,,,,,,,,,,,,,,,,,,,,,,,,,,,,,,,,,,,,,,,,,,,,,,,,,,,,,,,,,,,,,,,,,,,,,,,,,,,,,,,,,,,,,,,
0:00:00,,,,,,,,,,,,,,,,,,,,,,,,,,,,,,,,,,,,,,,,,,,,,,,,,,,,,,,,,,,,,,,,,,,,,,,,,,,,,,,,,,,,,,,,,,,,,,,,,
0:00:00,,,,,,,,,,,,,,,,,,,,,,,,,,,,,,,,,,,,,,,,,,,,,,,,,,,,,,,,,,,,,,,,,,,,,,,,,,,,,,,,,,,,,,,,,,,,,,,,,
0:00:00,,,,,,,,,,,,,,,,,,,,,,,,,,,,,,,,,,,,,,,,,,,,,,,,,,,,,,,,,,,,,,,,,,,,,,,,,,,,,,,,,,,,,,,,,,,,,,,,,
0:00:00,,,,,,,,,,,,,,,,,,,,,,,,,,,,,,,,,,,,,,,,,,,,,,,,,,,,,,,,,,,,,,,,,,,,,,,,,,,,,,,,,,,,,,,,,,,,,,,,,
0:00:00,,,,,,,,,,,,,,,,,,,,,,,,,,,,,,,,,,,,,,,,,,,,,,,,,,,,,,,,,,,,,,,,,,,,,,,,,,,,,,,,,,,,,,,,,,,,,,,,,
0:00:00,,,,,,,,,,,,,,,,,,,,,,,,,,,,,,,,,,,,,,,,,,,,,,,,,,,,,,,,,,,,,,,,,,,,,,,,,,,,,,,,,,,,,,,,,,,,,,,,,
0:00:00,,,,,,,,,,,,,,,,,,,,,,,,,,,,,,,,,,,,,,,,,,,,,,,,,,,,,,,,,,,,,,,,,,,,,,,,,,,,,,,,,,,,,,,,,,,,,,,,,
0:00:00,,,,,,,,,,,,,,,,,,,,,,,,,,,,,,,,,,,,,,,,,,,,,,,,,,,,,,,,,,,,,,,,,,,,,,,,,,,,,,,,,,,,,,,,,,,,,,,,,
0:00:00,,,,,,,,,,,,,,,,,,,,,,,,,,,,,,,,,,,,,,,,,,,,,,,,,,,,,,,,,,,,,,,,,,,,,,,,,,,,,,,,,,,,,,,,,,,,,,,,,
0:00:00,,,,,,,,,,,,,,,,,,,,,,,,,,,,,,,,,,,,,,,,,,,,,,,,,,,,,,,,,,,,,,,,,,,,,,,,,,,,,,,,,,,,,,,,,,,,,,,,,
0:00:00,,,,,,,,,,,,,,,,,,,,,,,,,,,,,,,,,,,,,,,,,,,,,,,,,,,,,,,,,,,,,,,,,,,,,,,,,,,,,,,,,,,,,,,,,,,,,,,,,
0:00:00,,,,,,,,,,,,,,,,,,,,,,,,,,,,,,,,,,,,,,,,,,,,,,,,,,,,,,,,,,,,,,,,,,,,,,,,,,,,,,,,,,,,,,,,,,,,,,,,,
0:00:00,,,,,,,,,,,,,,,,,,,,,,,,,,,,,,,,,,,,,,,,,,,,,,,,,,,,,,,,,,,,,,,,,,,,,,,,,,,,,,,,,,,,,,,,,,,,,,,,,
0:00:00,,,,,,,,,,,,,,,,,,,,,,,,,,,,,,,,,,,,,,,,,,,,,,,,,,,,,,,,,,,,,,,,,,,,,,,,,,,,,,,,,,,,,,,,,,,,,,,,,

