0:24:10,37.1,0.063,0.062,0.062,0.059,0.060,0.060,0.056,0.057,0.058,0.062,0.061,0.061,0.065,0.061,0.062,0.059,0.059,0.059,0.057,0.057,0.058,0.060,0.061,0.060,0.063,0.063,0.058,0.058,0.060,0.059,0.057,0.058,0.057,0.060,0.061,0.060,0.063,0.062,0.059,0.059,0.058,0.058,0.056,0.057,0.057,0.060,0.061,0.060,0.065,0.064,0.064,0.058,0.059,0.059,0.057,0.056,0.057,0.060,0.060,0.060,0.060,0.062,0.062,0.058,0.057,0.058,0.058,0.058,0.057,0.059,0.060,0.059,0.055,0.065,0.061,0.055,0.059,0.058,0.056,0.057,0.057,0.059,0.060,0.060,0.060,0.064,0.062,0.059,0.057,0.058,0.056,0.058,0.057,0.060,0.059,0.060
0:49:10,37.0,0.066,0.065,0.065,0.061,0.064,0.064,0.059,0.060,0.060,0.063,0.063,0.063,0.065,0.062,0.062,0.060,0.061,0.061,0.059,0.059,0.059,0.061,0.063,0.061,0.063,0.063,0.060,0.060,0.062,0.061,0.058,0.059,0.059,0.061,0.061,0.061,0.064,0.063,0.060,0.060,0.060,0.060,0.058,0.058,0.059,0.060,0.062,0.060,0.066,0.066,0.064,0.060,0.060,0.061,0.058,0.058,0.058,0.061,0.060,0.060,0.061,0.064,0.063,0.060,0.059,0.061,0.059,0.061,0.058,0.059,0.060,0.059,0.061,0.066,0.064,0.059,0.060,0.060,0.057,0.058,0.058,0.059,0.060,0.059,0.064,0.066,0.065,0.060,0.058,0.059,0.057,0.059,0.058,0.060,0.059,0.060
1:14:10,37.0,0.072,0.070,0.070,0.067,0.070,0.069,0.063,0.065,0.065,0.068,0.067,0.067,0.065,0.062,0.063,0.066,0.066,0.067,0.064,0.063,0.064,0.065,0.066,0.065,0.063,0.063,0.060,0.065,0.066,0.066,0.062,0.063,0.063,0.064,0.064,0.063,0.065,0.063,0.060,0.065,0.064,0.064,0.062,0.062,0.063,0.062,0.065,0.062,0.067,0.065,0.064,0.063,0.064,0.064,0.062,0.061,0.061,0.062,0.061,0.060,0.062,0.065,0.064,0.063,0.062,0.064,0.062,0.062,0.061,0.060,0.061,0.060,0.063,0.069,0.067,0.061,0.062,0.062,0.059,0.059,0.060,0.060,0.060,0.060,0.066,0.068,0.067,0.061,0.060,0.061,0.058,0.061,0.059,0.060,0.060,0.061
1:39:10,37.1,0.079,0.076,0.077,0.074,0.077,0.077,0.068,0.070,0.071,0.074,0.073,0.072,0.068,0.063,0.063,0.071,0.074,0.073,0.069,0.068,0.070,0.070,0.071,0.070,0.063,0.063,0.060,0.070,0.072,0.071,0.068,0.068,0.068,0.069,0.067,0.065,0.065,0.064,0.061,0.070,0.069,0.069,0.067,0.067,0.067,0.065,0.068,0.066,0.067,0.065,0.065,0.068,0.068,0.068,0.066,0.065,0.065,0.064,0.063,0.063,0.063,0.067,0.066,0.066,0.065,0.068,0.065,0.065,0.063,0.061,0.062,0.061,0.065,0.070,0.068,0.064,0.064,0.064,0.061,0.062,0.062,0.061,0.060,0.061,0.069,0.070,0.069,0.063,0.061,0.063,0.059,0.062,0.060,0.060,0.060,0.060
2:04:10,37.1,0.088,0.085,0.086,0.084,0.086,0.085,0.076,0.077,0.078,0.081,0.080,0.079,0.068,0.063,0.064,0.079,0.081,0.081,0.076,0.075,0.076,0.076,0.078,0.076,0.064,0.064,0.061,0.077,0.079,0.078,0.075,0.074,0.073,0.073,0.071,0.069,0.066,0.064,0.062,0.076,0.075,0.075,0.072,0.072,0.073,0.068,0.069,0.069,0.068,0.066,0.066,0.073,0.073,0.074,0.070,0.072,0.070,0.066,0.064,0.064,0.064,0.068,0.066,0.070,0.070,0.073,0.069,0.069,0.067,0.063,0.063,0.062,0.066,0.071,0.070,0.067,0.067,0.068,0.064,0.065,0.065,0.061,0.062,0.062,0.070,0.071,0.070,0.065,0.063,0.064,0.061,0.064,0.062,0.061,0.060,0.061
2:29:10,37.0,0.100,0.096,0.097,0.093,0.097,0.096,0.084,0.085,0.086,0.090,0.089,0.089,0.068,0.064,0.067,0.088,0.092,0.090,0.083,0.082,0.085,0.085,0.086,0.085,0.064,0.064,0.061,0.085,0.087,0.086,0.080,0.081,0.080,0.078,0.075,0.073,0.066,0.064,0.062,0.083,0.082,0.082,0.079,0.079,0.080,0.072,0.072,0.070,0.069,0.067,0.067,0.080,0.079,0.088,0.076,0.077,0.075,0.068,0.066,0.066,0.065,0.068,0.067,0.075,0.076,0.079,0.074,0.073,0.072,0.065,0.065,0.063,0.067,0.072,0.070,0.070,0.070,0.071,0.067,0.068,0.068,0.062,0.063,0.062,0.071,0.071,0.071,0.067,0.065,0.067,0.063,0.066,0.064,0.062,0.061,0.061
2:54:10,37.0,0.115,0.110,0.111,0.106,0.109,0.110,0.095,0.096,0.097,0.102,0.101,0.100,0.068,0.065,0.066,0.098,0.104,0.101,0.093,0.092,0.094,0.095,0.096,0.095,0.065,0.065,0.062,0.095,0.097,0.096,0.089,0.090,0.088,0.084,0.081,0.078,0.066,0.065,0.062,0.092,0.091,0.091,0.087,0.087,0.088,0.076,0.075,0.075,0.069,0.067,0.067,0.088,0.086,0.088,0.084,0.082,0.082,0.070,0.069,0.068,0.066,0.069,0.068,0.082,0.084,0.086,0.080,0.079,0.077,0.067,0.066,0.065,0.068,0.073,0.071,0.075,0.075,0.075,0.071,0.072,0.072,0.063,0.063,0.063,0.072,0.072,0.072,0.070,0.068,0.069,0.066,0.069,0.067,0.063,0.061,0.062
3:19:10,37.0,0.131,0.125,0.127,0.122,0.124,0.124,0.109,0.108,0.110,0.118,0.116,0.112,0.069,0.065,0.066,0.111,0.122,0.116,0.105,0.103,0.107,0.109,0.109,0.109,0.066,0.065,0.062,0.107,0.108,0.107,0.099,0.100,0.098,0.092,0.088,0.084,0.066,0.065,0.062,0.103,0.102,0.101,0.096,0.096,0.097,0.080,0.080,0.081,0.070,0.068,0.068,0.098,0.094,0.096,0.093,0.089,0.091,0.073,0.071,0.070,0.066,0.069,0.068,0.089,0.091,0.094,0.087,0.085,0.084,0.067,0.068,0.066,0.069,0.073,0.072,0.080,0.079,0.080,0.076,0.077,0.077,0.064,0.064,0.064,0.073,0.073,0.073,0.073,0.071,0.072,0.069,0.072,0.070,0.063,0.062,0.063
3:44:10,37.0,0.149,0.144,0.147,0.138,0.146,0.144,0.126,0.124,0.127,0.139,0.137,0.132,0.070,0.066,0.067,0.128,0.137,0.135,0.120,0.118,0.121,0.123,0.125,0.124,0.067,0.066,0.063,0.122,0.123,0.121,0.110,0.112,0.110,0.101,0.096,0.092,0.067,0.065,0.063,0.116,0.114,0.113,0.107,0.108,0.108,0.086,0.086,0.087,0.070,0.068,0.068,0.108,0.104,0.107,0.101,0.098,0.102,0.076,0.074,0.074,0.066,0.070,0.068,0.098,0.100,0.102,0.095,0.093,0.091,0.069,0.070,0.068,0.070,0.073,0.073,0.086,0.085,0.087,0.082,0.083,0.082,0.066,0.065,0.065,0.074,0.073,0.074,0.076,0.074,0.076,0.072,0.076,0.074,0.064,0.063,0.064
4:09:10,37.0,0.170,0.164,0.173,0.171,0.174,0.171,0.147,0.144,0.151,0.164,0.162,0.155,0.071,0.068,0.068,0.148,0.159,0.156,0.139,0.136,0.139,0.141,0.142,0.142,0.067,0.066,0.063,0.143,0.141,0.138,0.125,0.126,0.124,0.111,0.105,0.101,0.067,0.065,0.063,0.131,0.130,0.129,0.120,0.121,0.121,0.093,0.092,0.093,0.071,0.068,0.068,0.120,0.116,0.119,0.111,0.109,0.110,0.079,0.077,0.076,0.067,0.070,0.068,0.108,0.109,0.113,0.104,0.101,0.099,0.070,0.072,0.070,0.070,0.074,0.073,0.093,0.091,0.094,0.089,0.090,0.088,0.067,0.066,0.066,0.075,0.074,0.074,0.080,0.079,0.080,0.076,0.080,0.078,0.065,0.063,0.064
4:34:10,37.1,0.212,0.193,0.212,0.206,0.208,0.203,0.173,0.170,0.177,0.197,0.193,0.184,0.073,0.069,0.069,0.173,0.190,0.183,0.161,0.158,0.161,0.162,0.164,0.163,0.068,0.067,0.064,0.164,0.164,0.158,0.143,0.145,0.142,0.123,0.117,0.110,0.068,0.066,0.064,0.149,0.149,0.148,0.136,0.138,0.136,0.101,0.100,0.102,0.070,0.068,0.069,0.134,0.128,0.131,0.124,0.122,0.123,0.083,0.080,0.080,0.067,0.070,0.068,0.118,0.119,0.126,0.114,0.111,0.108,0.072,0.074,0.071,0.071,0.075,0.074,0.102,0.098,0.102,0.096,0.097,0.095,0.069,0.067,0.067,0.075,0.074,0.075,0.085,0.084,0.085,0.081,0.085,0.082,0.066,0.064,0.065
4:59:10,37.0,0.254,0.235,0.255,0.244,0.250,0.243,0.210,0.203,0.210,0.236,0.232,0.219,0.074,0.069,0.069,0.205,0.221,0.216,0.190,0.185,0.190,0.189,0.190,0.187,0.069,0.067,0.064,0.190,0.189,0.184,0.166,0.168,0.164,0.137,0.130,0.122,0.068,0.066,0.064,0.172,0.172,0.171,0.155,0.159,0.156,0.110,0.108,0.110,0.071,0.068,0.068,0.150,0.144,0.147,0.140,0.136,0.138,0.086,0.083,0.084,0.067,0.071,0.069,0.131,0.132,0.141,0.127,0.122,0.119,0.073,0.076,0.073,0.072,0.075,0.074,0.111,0.105,0.111,0.105,0.106,0.102,0.070,0.068,0.068,0.076,0.075,0.076,0.091,0.089,0.091,0.087,0.090,0.087,0.066,0.065,0.065
5:24:10,37.0,0.296,0.279,0.300,0.291,0.297,0.289,0.254,0.244,0.252,0.282,0.277,0.255,0.075,0.070,0.070,0.244,0.262,0.257,0.225,0.220,0.225,0.222,0.222,0.215,0.070,0.068,0.064,0.220,0.219,0.216,0.195,0.195,0.191,0.153,0.145,0.135,0.068,0.066,0.064,0.199,0.201,0.199,0.179,0.184,0.179,0.120,0.118,0.119,0.071,0.068,0.069,0.169,0.164,0.170,0.158,0.155,0.157,0.090,0.088,0.089,0.068,0.071,0.069,0.146,0.148,0.159,0.141,0.136,0.134,0.075,0.077,0.074,0.072,0.076,0.075,0.121,0.114,0.121,0.115,0.115,0.111,0.071,0.069,0.069,0.076,0.075,0.076,0.097,0.096,0.097,0.093,0.097,0.094,0.067,0.065,0.066
5:49:10,37.0,0.347,0.324,0.346,0.336,0.343,0.337,0.292,0.292,0.302,0.331,0.324,0.295,0.076,0.071,0.071,0.290,0.312,0.307,0.270,0.263,0.269,0.262,0.261,0.249,0.070,0.068,0.064,0.257,0.256,0.257,0.231,0.229,0.224,0.172,0.163,0.151,0.068,0.066,0.064,0.232,0.235,0.232,0.209,0.213,0.208,0.132,0.129,0.129,0.071,0.068,0.069,0.194,0.188,0.192,0.179,0.179,0.178,0.095,0.092,0.096,0.068,0.072,0.069,0.164,0.167,0.181,0.158,0.151,0.147,0.082,0.079,0.076,0.073,0.076,0.076,0.134,0.125,0.133,0.126,0.127,0.120,0.072,0.070,0.070,0.077,0.075,0.077,0.103,0.103,0.104,0.100,0.103,0.100,0.067,0.066,0.066
6:14:10,37.1,0.392,0.371,0.390,0.382,0.390,0.382,0.343,0.336,0.340,0.377,0.372,0.327,0.076,0.071,0.071,0.344,0.377,0.362,0.321,0.314,0.319,0.309,0.307,0.289,0.070,0.068,0.065,0.303,0.301,0.305,0.267,0.271,0.264,0.194,0.184,0.170,0.068,0.066,0.064,0.272,0.275,0.272,0.246,0.248,0.245,0.146,0.143,0.142,0.072,0.068,0.069,0.220,0.217,0.222,0.206,0.205,0.205,0.101,0.099,0.102,0.068,0.072,0.069,0.186,0.191,0.206,0.179,0.171,0.166,0.079,0.081,0.078,0.073,0.077,0.076,0.148,0.138,0.147,0.139,0.141,0.132,0.073,0.070,0.070,0.077,0.076,0.077,0.111,0.111,0.112,0.107,0.111,0.108,0.068,0.066,0.067
6:39:10,37.1,0.434,0.407,0.430,0.421,0.436,0.423,0.385,0.380,0.383,0.420,0.415,0.353,0.077,0.072,0.072,0.396,0.425,0.411,0.374,0.368,0.369,0.358,0.357,0.334,0.071,0.069,0.065,0.352,0.352,0.357,0.316,0.321,0.313,0.222,0.210,0.193,0.069,0.066,0.064,0.317,0.322,0.320,0.290,0.290,0.288,0.162,0.158,0.157,0.072,0.068,0.069,0.254,0.252,0.259,0.239,0.237,0.237,0.107,0.105,0.107,0.068,0.072,0.070,0.212,0.220,0.237,0.204,0.195,0.189,0.081,0.083,0.080,0.074,0.077,0.077,0.166,0.153,0.164,0.155,0.156,0.146,0.074,0.071,0.071,0.078,0.076,0.078,0.120,0.120,0.121,0.117,0.120,0.117,0.068,0.067,0.067
7:04:10,37.0,0.480,0.449,0.472,0.464,0.472,0.464,0.426,0.424,0.429,0.459,0.454,0.368,0.078,0.072,0.073,0.446,0.477,0.459,0.424,0.417,0.416,0.409,0.405,0.380,0.071,0.069,0.065,0.401,0.404,0.411,0.367,0.372,0.367,0.254,0.240,0.220,0.069,0.067,0.064,0.367,0.374,0.371,0.342,0.339,0.339,0.181,0.177,0.174,0.072,0.068,0.069,0.294,0.294,0.301,0.277,0.277,0.276,0.113,0.113,0.115,0.068,0.073,0.070,0.244,0.254,0.274,0.235,0.224,0.215,0.083,0.085,0.082,0.074,0.078,0.078,0.186,0.171,0.184,0.174,0.176,0.163,0.075,0.072,0.072,0.078,0.076,0.078,0.131,0.132,0.132,0.128,0.130,0.128,0.069,0.067,0.068
7:29:10,37.1,0.511,0.484,0.506,0.497,0.510,0.504,0.463,0.461,0.460,0.491,0.489,0.385,0.078,0.073,0.073,0.488,0.519,0.502,0.471,0.463,0.456,0.455,0.450,0.422,0.071,0.069,0.065,0.456,0.454,0.465,0.418,0.425,0.421,0.296,0.277,0.253,0.069,0.067,0.064,0.421,0.429,0.424,0.392,0.390,0.392,0.204,0.199,0.195,0.071,0.068,0.069,0.337,0.337,0.347,0.320,0.320,0.321,0.120,0.120,0.123,0.069,0.073,0.070,0.281,0.293,0.316,0.272,0.257,0.248,0.085,0.087,0.084,0.075,0.078,0.078,0.210,0.192,0.207,0.196,0.199,0.182,0.075,0.072,0.073,0.079,0.077,0.079,0.144,0.145,0.145,0.141,0.143,0.140,0.069,0.067,0.068
7:54:10,37.1,0.530,0.514,0.535,0.531,0.540,0.533,0.493,0.496,0.493,0.521,0.519,0.401,0.078,0.073,0.073,0.524,0.561,0.538,0.506,0.501,0.494,0.489,0.489,0.455,0.071,0.069,0.065,0.506,0.502,0.518,0.468,0.476,0.468,0.341,0.321,0.291,0.069,0.067,0.064,0.475,0.482,0.478,0.439,0.442,0.445,0.229,0.225,0.219,0.071,0.068,0.069,0.381,0.380,0.407,0.364,0.365,0.368,0.127,0.128,0.133,0.069,0.073,0.070,0.323,0.336,0.360,0.314,0.295,0.286,0.088,0.089,0.086,0.076,0.078,0.079,0.238,0.217,0.234,0.222,0.225,0.206,0.076,0.073,0.073,0.079,0.077,0.079,0.159,0.160,0.160,0.157,0.158,0.155,0.069,0.068,0.068
8:19:10,37.0,0.551,0.539,0.559,0.557,0.569,0.565,0.519,0.525,0.520,0.547,0.546,0.414,0.078,0.073,0.074,0.560,0.604,0.574,0.542,0.538,0.530,0.524,0.519,0.488,0.071,0.069,0.066,0.553,0.545,0.568,0.515,0.523,0.514,0.388,0.368,0.334,0.072,0.067,0.065,0.522,0.532,0.527,0.486,0.491,0.492,0.258,0.255,0.247,0.071,0.068,0.069,0.423,0.419,0.443,0.406,0.407,0.414,0.136,0.137,0.144,0.069,0.074,0.070,0.366,0.379,0.404,0.358,0.336,0.329,0.095,0.091,0.088,0.076,0.079,0.079,0.271,0.247,0.265,0.252,0.255,0.234,0.076,0.074,0.074,0.079,0.077,0.079,0.177,0.179,0.178,0.176,0.175,0.173,0.070,0.068,0.068
8:44:10,37.0,0.571,0.561,0.579,0.580,0.591,0.590,0.538,0.543,0.542,0.577,0.573,0.426,0.079,0.074,0.074,0.593,0.634,0.607,0.575,0.571,0.561,0.551,0.550,0.520,0.072,0.069,0.066,0.599,0.587,0.614,0.560,0.567,0.557,0.437,0.417,0.378,0.069,0.067,0.065,0.569,0.579,0.572,0.528,0.537,0.538,0.293,0.292,0.280,0.071,0.068,0.070,0.462,0.456,0.477,0.444,0.446,0.455,0.146,0.146,0.156,0.069,0.074,0.071,0.409,0.422,0.445,0.403,0.375,0.372,0.091,0.094,0.090,0.076,0.079,0.080,0.308,0.282,0.300,0.286,0.289,0.267,0.077,0.074,0.074,0.080,0.077,0.080,0.198,0.200,0.199,0.197,0.196,0.194,0.070,0.068,0.068
9:09:10,37.1,0.597,0.579,0.596,0.598,0.607,0.610,0.559,0.560,0.563,0.586,0.590,0.443,0.079,0.074,0.074,0.621,0.664,0.635,0.603,0.598,0.588,0.578,0.579,0.547,0.072,0.069,0.066,0.640,0.628,0.659,0.604,0.610,0.598,0.478,0.459,0.417,0.069,0.067,0.065,0.610,0.623,0.614,0.566,0.581,0.580,0.334,0.329,0.316,0.071,0.068,0.070,0.496,0.490,0.514,0.478,0.481,0.493,0.157,0.156,0.171,0.069,0.074,0.071,0.450,0.459,0.480,0.444,0.411,0.417,0.093,0.096,0.092,0.077,0.079,0.080,0.348,0.319,0.336,0.325,0.327,0.303,0.077,0.074,0.075,0.080,0.077,0.080,0.222,0.224,0.223,0.222,0.220,0.217,0.070,0.068,0.069
9:34:10,37.0,0.614,0.588,0.609,0.614,0.624,0.624,0.579,0.577,0.582,0.602,0.601,0.454,0.079,0.074,0.075,0.647,0.697,0.661,0.628,0.622,0.612,0.604,0.604,0.574,0.071,0.069,0.066,0.676,0.665,0.697,0.640,0.646,0.635,0.522,0.503,0.455,0.069,0.067,0.065,0.650,0.663,0.654,0.603,0.619,0.619,0.378,0.373,0.352,0.071,0.068,0.070,0.529,0.522,0.557,0.510,0.514,0.527,0.170,0.168,0.187,0.069,0.074,0.071,0.488,0.494,0.512,0.480,0.446,0.457,0.095,0.098,0.095,0.077,0.079,0.081,0.388,0.357,0.373,0.365,0.368,0.341,0.078,0.075,0.075,0.080,0.077,0.080,0.249,0.252,0.251,0.250,0.248,0.245,0.070,0.068,0.069
9:59:10,37.0,0.625,0.599,0.618,0.625,0.640,0.635,0.599,0.595,0.598,0.616,0.617,0.458,0.079,0.075,0.075,0.671,0.717,0.685,0.650,0.645,0.633,0.626,0.629,0.597,0.072,0.069,0.066,0.707,0.698,0.729,0.661,0.678,0.667,0.563,0.542,0.491,0.069,0.067,0.065,0.687,0.702,0.691,0.635,0.656,0.655,0.422,0.419,0.391,0.071,0.068,0.070,0.560,0.551,0.585,0.539,0.543,0.559,0.184,0.182,0.205,0.070,0.075,0.071,0.521,0.523,0.542,0.512,0.476,0.490,0.096,0.101,0.097,0.077,0.079,0.081,0.427,0.394,0.409,0.405,0.407,0.379,0.078,0.075,0.075,0.080,0.077,0.080,0.279,0.282,0.281,0.281,0.278,0.275,0.070,0.068,0.069
10:24:10,37.0,0.629,0.611,0.630,0.633,0.653,0.650,0.612,0.613,0.620,0.629,0.630,0.467,0.079,0.075,0.075,0.694,0.738,0.707,0.670,0.663,0.651,0.648,0.651,0.619,0.072,0.069,0.066,0.736,0.728,0.757,0.687,0.705,0.695,0.602,0.579,0.524,0.069,0.067,0.065,0.720,0.735,0.724,0.662,0.684,0.685,0.465,0.467,0.431,0.071,0.068,0.070,0.587,0.577,0.613,0.566,0.567,0.588,0.202,0.198,0.226,0.070,0.075,0.071,0.552,0.550,0.571,0.545,0.502,0.520,0.098,0.104,0.100,0.078,0.079,0.081,0.463,0.428,0.444,0.441,0.444,0.414,0.078,0.075,0.075,0.080,0.077,0.080,0.312,0.314,0.313,0.313,0.311,0.307,0.070,0.068,0.069
10:49:10,37.1,0.640,0.623,0.634,0.646,0.667,0.663,0.622,0.621,0.627,0.641,0.642,0.475,0.080,0.075,0.075,0.714,0.767,0.728,0.688,0.681,0.668,0.668,0.672,0.639,0.072,0.069,0.066,0.765,0.755,0.784,0.712,0.725,0.722,0.637,0.613,0.555,0.069,0.066,0.064,0.750,0.765,0.753,0.685,0.708,0.712,0.506,0.515,0.470,0.071,0.068,0.070,0.613,0.602,0.639,0.590,0.592,0.615,0.221,0.214,0.248,0.070,0.075,0.071,0.580,0.577,0.598,0.568,0.526,0.548,0.099,0.107,0.103,0.078,0.080,0.081,0.495,0.459,0.473,0.473,0.476,0.447,0.078,0.075,0.076,0.080,0.077,0.080,0.344,0.345,0.345,0.344,0.344,0.338,0.070,0.068,0.069
11:14:10,37.1,0.652,0.633,0.646,0.657,0.679,0.672,0.635,0.628,0.637,0.652,0.653,0.482,0.080,0.075,0.075,0.733,0.778,0.747,0.704,0.697,0.683,0.687,0.692,0.660,0.072,0.069,0.066,0.792,0.780,0.809,0.735,0.746,0.744,0.667,0.643,0.582,0.069,0.067,0.065,0.776,0.792,0.779,0.706,0.734,0.735,0.544,0.558,0.505,0.072,0.068,0.070,0.637,0.627,0.665,0.613,0.617,0.639,0.242,0.234,0.274,0.070,0.076,0.072,0.605,0.602,0.623,0.586,0.549,0.575,0.102,0.110,0.106,0.078,0.080,0.081,0.522,0.486,0.498,0.502,0.504,0.475,0.079,0.076,0.076,0.081,0.077,0.080,0.376,0.375,0.375,0.374,0.375,0.368,0.070,0.069,0.069
11:39:10,37.1,0.660,0.643,0.655,0.667,0.686,0.683,0.641,0.637,0.648,0.662,0.663,0.488,0.080,0.075,0.075,0.752,0.797,0.766,0.719,0.712,0.697,0.705,0.711,0.678,0.071,0.071,0.066,0.814,0.802,0.834,0.755,0.765,0.764,0.696,0.670,0.606,0.069,0.067,0.065,0.797,0.816,0.803,0.726,0.754,0.753,0.576,0.601,0.537,0.071,0.068,0.070,0.656,0.650,0.664,0.631,0.636,0.658,0.266,0.256,0.301,0.070,0.076,0.072,0.627,0.626,0.647,0.609,0.571,0.599,0.101,0.114,0.109,0.079,0.080,0.081,0.546,0.510,0.521,0.526,0.529,0.499,0.078,0.076,0.076,0.080,0.077,0.080,0.405,0.401,0.404,0.402,0.404,0.395,0.070,0.069,0.069
12:04:10,37.0,0.669,0.651,0.664,0.678,0.700,0.693,0.652,0.648,0.658,0.672,0.674,0.493,0.080,0.075,0.075,0.769,0.815,0.785,0.733,0.725,0.710,0.722,0.728,0.695,0.071,0.069,0.066,0.835,0.823,0.858,0.772,0.784,0.780,0.722,0.696,0.628,0.069,0.066,0.065,0.815,0.831,0.822,0.746,0.776,0.772,0.603,0.642,0.567,0.071,0.068,0.070,0.674,0.671,0.683,0.646,0.653,0.674,0.293,0.281,0.330,0.071,0.076,0.073,0.650,0.648,0.668,0.630,0.590,0.621,0.103,0.117,0.113,0.079,0.080,0.082,0.568,0.532,0.541,0.546,0.551,0.521,0.079,0.076,0.077,0.081,0.077,0.081,0.430,0.425,0.429,0.426,0.428,0.418,0.070,0.069,0.070
12:29:10,37.0,0.677,0.658,0.672,0.688,0.707,0.703,0.663,0.659,0.669,0.680,0.682,0.498,0.080,0.075,0.075,0.785,0.835,0.802,0.746,0.738,0.722,0.738,0.744,0.711,0.071,0.069,0.066,0.855,0.841,0.877,0.787,0.800,0.796,0.745,0.719,0.647,0.069,0.066,0.064,0.833,0.848,0.839,0.763,0.794,0.789,0.631,0.684,0.595,0.071,0.068,0.070,0.692,0.688,0.701,0.661,0.668,0.689,0.322,0.307,0.361,0.071,0.076,0.073,0.671,0.669,0.689,0.649,0.608,0.642,0.105,0.122,0.117,0.079,0.080,0.082,0.589,0.552,0.559,0.566,0.571,0.540,0.079,0.076,0.077,0.080,0.077,0.080,0.452,0.445,0.449,0.446,0.450,0.439,0.070,0.069,0.070
12:54:10,37.1,0.682,0.664,0.680,0.697,0.717,0.713,0.674,0.668,0.679,0.688,0.692,0.503,0.080,0.075,0.075,0.799,0.847,0.818,0.757,0.749,0.733,0.752,0.758,0.726,0.071,0.069,0.066,0.873,0.858,0.895,0.802,0.814,0.810,0.766,0.740,0.666,0.069,0.066,0.064,0.851,0.866,0.855,0.779,0.810,0.805,0.657,0.722,0.622,0.071,0.068,0.070,0.708,0.704,0.718,0.675,0.684,0.703,0.353,0.336,0.392,0.072,0.076,0.073,0.691,0.688,0.707,0.666,0.624,0.661,0.107,0.126,0.121,0.079,0.080,0.082,0.607,0.569,0.576,0.583,0.589,0.557,0.079,0.077,0.077,0.081,0.077,0.080,0.471,0.462,0.468,0.463,0.469,0.456,0.070,0.069,0.070
13:19:10,37.1,0.689,0.670,0.685,0.705,0.726,0.721,0.682,0.678,0.688,0.696,0.699,0.507,0.080,0.075,0.075,0.812,0.864,0.832,0.768,0.759,0.743,0.767,0.772,0.740,0.071,0.069,0.066,0.890,0.872,0.912,0.815,0.828,0.821,0.785,0.758,0.682,0.069,0.066,0.064,0.869,0.885,0.872,0.792,0.825,0.820,0.679,0.752,0.644,0.071,0.068,0.070,0.723,0.718,0.733,0.689,0.697,0.716,0.385,0.366,0.423,0.072,0.076,0.074,0.709,0.704,0.723,0.682,0.639,0.678,0.109,0.132,0.126,0.079,0.080,0.082,0.625,0.586,0.592,0.599,0.606,0.574,0.079,0.077,0.077,0.080,0.077,0.080,0.487,0.478,0.483,0.478,0.485,0.472,0.071,0.069,0.070
13:44:10,37.0,0.694,0.676,0.692,0.712,0.734,0.730,0.690,0.687,0.698,0.703,0.707,0.511,0.080,0.075,0.075,0.824,0.872,0.844,0.778,0.768,0.752,0.779,0.784,0.753,0.071,0.069,0.066,0.904,0.885,0.925,0.826,0.838,0.831,0.803,0.776,0.697,0.069,0.066,0.064,0.884,0.901,0.888,0.806,0.838,0.834,0.700,0.777,0.664,0.071,0.068,0.070,0.736,0.731,0.747,0.701,0.710,0.729,0.418,0.397,0.452,0.073,0.077,0.075,0.725,0.720,0.738,0.696,0.652,0.694,0.112,0.139,0.133,0.080,0.080,0.082,0.643,0.603,0.608,0.615,0.623,0.589,0.080,0.077,0.078,0.080,0.077,0.080,0.502,0.492,0.497,0.491,0.499,0.485,0.071,0.069,0.070
14:09:10,37.0,0.699,0.681,0.697,0.719,0.741,0.736,0.699,0.694,0.705,0.710,0.714,0.516,0.079,0.075,0.075,0.834,0.881,0.855,0.786,0.776,0.759,0.793,0.796,0.765,0.071,0.069,0.066,0.918,0.896,0.938,0.836,0.849,0.840,0.818,0.791,0.710,0.069,0.066,0.064,0.897,0.914,0.901,0.818,0.849,0.844,0.720,0.806,0.681,0.071,0.068,0.070,0.748,0.744,0.759,0.711,0.721,0.741,0.448,0.427,0.478,0.073,0.077,0.076,0.739,0.733,0.751,0.709,0.664,0.707,0.115,0.146,0.140,0.080,0.080,0.083,0.660,0.620,0.623,0.630,0.638,0.605,0.080,0.078,0.078,0.080,0.076,0.080,0.514,0.504,0.509,0.504,0.511,0.497,0.071,0.070,0.070
14:34:10,37.0,0.704,0.686,0.702,0.724,0.746,0.741,0.705,0.700,0.711,0.715,0.720,0.521,0.079,0.075,0.075,0.842,0.894,0.863,0.792,0.783,0.766,0.803,0.806,0.776,0.071,0.068,0.065,0.928,0.906,0.948,0.844,0.858,0.847,0.833,0.805,0.722,0.069,0.066,0.064,0.909,0.925,0.913,0.828,0.859,0.854,0.738,0.823,0.698,0.071,0.068,0.070,0.759,0.753,0.769,0.721,0.731,0.751,0.477,0.455,0.500,0.073,0.077,0.077,0.752,0.746,0.764,0.720,0.673,0.720,0.118,0.154,0.148,0.080,0.080,0.083,0.675,0.634,0.637,0.644,0.653,0.619,0.080,0.078,0.079,0.080,0.076,0.080,0.527,0.516,0.521,0.515,0.523,0.508,0.071,0.070,0.071
14:59:10,37.0,0.708,0.690,0.706,0.729,0.751,0.746,0.711,0.707,0.717,0.721,0.726,0.526,0.079,0.075,0.075,0.850,0.900,0.871,0.797,0.788,0.771,0.813,0.816,0.787,0.070,0.068,0.066,0.938,0.913,0.957,0.851,0.867,0.853,0.846,0.817,0.733,0.069,0.066,0.064,0.919,0.936,0.923,0.837,0.867,0.863,0.754,0.841,0.712,0.072,0.069,0.070,0.768,0.763,0.779,0.730,0.740,0.761,0.503,0.480,0.522,0.074,0.078,0.079,0.764,0.757,0.775,0.731,0.683,0.730,0.123,0.166,0.157,0.080,0.080,0.083,0.689,0.649,0.650,0.657,0.667,0.633,0.081,0.079,0.079,0.080,0.076,0.080,0.538,0.526,0.532,0.526,0.534,0.519,0.072,0.071,0.071
15:24:10,37.0,0.712,0.694,0.710,0.733,0.755,0.750,0.716,0.711,0.722,0.725,0.731,0.532,0.079,0.075,0.075,0.855,0.912,0.876,0.801,0.792,0.775,0.822,0.824,0.796,0.070,0.068,0.065,0.945,0.919,0.963,0.856,0.870,0.856,0.857,0.829,0.743,0.069,0.066,0.064,0.928,0.944,0.930,0.844,0.874,0.871,0.770,0.855,0.726,0.072,0.069,0.070,0.776,0.771,0.787,0.738,0.748,0.769,0.526,0.502,0.540,0.074,0.078,0.080,0.774,0.766,0.785,0.741,0.691,0.741,0.128,0.177,0.167,0.080,0.080,0.083,0.703,0.663,0.663,0.670,0.679,0.646,0.082,0.080,0.080,0.080,0.076,0.080,0.549,0.536,0.542,0.535,0.544,0.528,0.072,0.071,0.071
15:49:10,37.0,0.715,0.697,0.714,0.737,0.758,0.753,0.721,0.716,0.726,0.729,0.736,0.538,0.079,0.075,0.075,0.860,0.911,0.880,0.804,0.795,0.778,0.829,0.832,0.804,0.070,0.068,0.065,0.951,0.925,0.967,0.860,0.873,0.858,0.868,0.839,0.752,0.069,0.066,0.064,0.935,0.952,0.937,0.851,0.879,0.877,0.784,0.868,0.738,0.072,0.069,0.070,0.784,0.777,0.795,0.744,0.754,0.776,0.547,0.522,0.558,0.074,0.078,0.083,0.782,0.775,0.793,0.749,0.700,0.749,0.134,0.189,0.177,0.080,0.080,0.083,0.715,0.676,0.674,0.681,0.690,0.658,0.083,0.081,0.081,0.080,0.076,0.080,0.559,0.546,0.551,0.545,0.554,0.537,0.073,0.072,0.071
16:14:10,37.1,0.719,0.701,0.716,0.740,0.760,0.755,0.724,0.719,0.729,0.732,0.739,0.542,0.079,0.075,0.075,0.864,0.908,0.883,0.805,0.796,0.779,0.835,0.837,0.811,0.070,0.068,0.065,0.955,0.928,0.971,0.862,0.875,0.859,0.877,0.848,0.759,0.069,0.066,0.064,0.939,0.958,0.942,0.855,0.883,0.882,0.797,0.879,0.750,0.072,0.069,0.070,0.790,0.783,0.801,0.750,0.759,0.783,0.566,0.541,0.574,0.074,0.078,0.086,0.790,0.783,0.801,0.756,0.705,0.756,0.140,0.203,0.188,0.080,0.080,0.083,0.725,0.687,0.684,0.691,0.698,0.669,0.084,0.082,0.082,0.079,0.076,0.080,0.568,0.555,0.560,0.554,0.563,0.547,0.074,0.072,0.072
16:39:10,37.1,0.721,0.704,0.719,0.742,0.763,0.757,0.728,0.722,0.733,0.736,0.743,0.546,0.079,0.075,0.074,0.867,0.908,0.885,0.806,0.797,0.780,0.840,0.842,0.819,0.070,0.068,0.065,0.957,0.930,0.972,0.864,0.877,0.859,0.884,0.856,0.767,0.068,0.066,0.064,0.944,0.962,0.946,0.859,0.886,0.885,0.809,0.890,0.759,0.072,0.069,0.070,0.794,0.788,0.806,0.755,0.764,0.788,0.583,0.558,0.590,0.075,0.078,0.090,0.796,0.789,0.808,0.764,0.711,0.764,0.148,0.218,0.201,0.080,0.080,0.083,0.734,0.696,0.692,0.698,0.707,0.677,0.085,0.083,0.083,0.079,0.076,0.079,0.578,0.565,0.569,0.565,0.574,0.556,0.075,0.073,0.072
17:04:10,37.1,0.724,0.707,0.720,0.743,0.764,0.758,0.730,0.725,0.735,0.738,0.746,0.552,0.079,0.074,0.074,0.869,0.908,0.887,0.806,0.797,0.780,0.845,0.846,0.825,0.069,0.068,0.065,0.959,0.931,0.973,0.864,0.878,0.857,0.892,0.864,0.773,0.068,0.066,0.064,0.947,0.964,0.948,0.861,0.888,0.888,0.820,0.900,0.769,0.072,0.069,0.071,0.799,0.792,0.811,0.759,0.767,0.792,0.598,0.574,0.605,0.075,0.079,0.094,0.802,0.794,0.813,0.769,0.716,0.770,0.157,0.234,0.216,0.080,0.080,0.083,0.742,0.704,0.700,0.706,0.714,0.685,0.086,0.084,0.084,0.079,0.075,0.079,0.587,0.573,0.578,0.576,0.584,0.566,0.075,0.073,0.072
17:29:10,37.0,0.727,0.710,0.722,0.744,0.765,0.760,0.732,0.727,0.737,0.741,0.749,0.556,0.078,0.074,0.074,0.871,0.909,0.887,0.805,0.796,0.780,0.848,0.850,0.831,0.069,0.068,0.065,0.960,0.931,0.973,0.863,0.876,0.855,0.898,0.870,0.779,0.068,0.066,0.064,0.949,0.965,0.949,0.862,0.887,0.889,0.830,0.907,0.777,0.072,0.069,0.071,0.802,0.796,0.815,0.763,0.770,0.796,0.615,0.589,0.617,0.076,0.079,0.100,0.807,0.799,0.818,0.774,0.720,0.774,0.168,0.253,0.232,0.080,0.080,0.083,0.748,0.710,0.706,0.712,0.720,0.692,0.088,0.086,0.086,0.079,0.075,0.079,0.597,0.582,0.588,0.585,0.595,0.575,0.076,0.074,0.073
17:54:10,37.1,0.729,0.712,0.724,0.746,0.767,0.760,0.733,0.728,0.738,0.743,0.751,0.563,0.078,0.074,0.074,0.872,0.908,0.887,0.804,0.795,0.778,0.851,0.853,0.835,0.069,0.068,0.065,0.959,0.931,0.972,0.860,0.876,0.852,0.903,0.876,0.784,0.068,0.066,0.064,0.950,0.966,0.949,0.862,0.886,0.889,0.838,0.915,0.783,0.072,0.069,0.071,0.806,0.798,0.817,0.766,0.773,0.799,0.629,0.603,0.628,0.076,0.079,0.107,0.811,0.803,0.822,0.777,0.724,0.779,0.181,0.274,0.249,0.080,0.080,0.083,0.754,0.717,0.711,0.718,0.725,0.698,0.090,0.088,0.088,0.079,0.075,0.079,0.606,0.592,0.597,0.593,0.603,0.584,0.077,0.075,0.073
18:19:10,37.0,0.730,0.715,0.726,0.747,0.768,0.762,0.735,0.730,0.740,0.745,0.753,0.568,0.078,0.074,0.074,0.873,0.907,0.887,0.802,0.794,0.777,0.854,0.855,0.839,0.069,0.067,0.065,0.958,0.929,0.969,0.857,0.871,0.848,0.907,0.880,0.788,0.068,0.066,0.064,0.949,0.965,0.949,0.861,0.884,0.889,0.846,0.920,0.790,0.072,0.069,0.071,0.809,0.800,0.820,0.768,0.775,0.801,0.643,0.617,0.638,0.076,0.079,0.116,0.815,0.806,0.825,0.782,0.726,0.781,0.198,0.299,0.269,0.080,0.080,0.083,0.759,0.722,0.716,0.723,0.730,0.703,0.093,0.091,0.091,0.078,0.075,0.079,0.614,0.599,0.605,0.599,0.609,0.591,0.079,0.076,0.073
18:44:10,37.1,0.731,0.717,0.727,0.748,0.768,0.762,0.736,0.731,0.740,0.746,0.756,0.573,0.078,0.074,0.074,0.874,0.907,0.886,0.800,0.792,0.775,0.855,0.857,0.842,0.069,0.067,0.065,0.957,0.927,0.966,0.854,0.868,0.844,0.910,0.885,0.792,0.068,0.066,0.064,0.949,0.964,0.947,0.858,0.880,0.885,0.852,0.927,0.796,0.073,0.069,0.071,0.811,0.804,0.822,0.769,0.777,0.802,0.655,0.629,0.648,0.076,0.080,0.126,0.818,0.809,0.827,0.784,0.729,0.784,0.218,0.325,0.291,0.080,0.080,0.083,0.764,0.726,0.720,0.728,0.735,0.708,0.096,0.094,0.094,0.078,0.075,0.078,0.620,0.604,0.610,0.603,0.615,0.596,0.080,0.077,0.073
19:09:10,37.0,0.733,0.720,0.728,0.748,0.769,0.762,0.738,0.732,0.741,0.748,0.757,0.578,0.078,0.074,0.073,0.875,0.904,0.884,0.796,0.789,0.773,0.857,0.858,0.845,0.068,0.067,0.065,0.955,0.925,0.963,0.848,0.862,0.839,0.913,0.888,0.796,0.068,0.066,0.064,0.948,0.961,0.945,0.856,0.876,0.883,0.859,0.931,0.801,0.073,0.069,0.071,0.813,0.806,0.824,0.771,0.778,0.804,0.666,0.641,0.656,0.076,0.080,0.141,0.821,0.811,0.830,0.786,0.730,0.786,0.239,0.352,0.313,0.080,0.080,0.083,0.768,0.730,0.724,0.732,0.738,0.713,0.099,0.098,0.098,0.078,0.074,0.078,0.625,0.608,0.614,0.608,0.618,0.601,0.081,0.078,0.073
19:34:10,37.1,0.734,0.721,0.729,0.749,0.770,0.763,0.739,0.734,0.742,0.750,0.759,0.583,0.077,0.074,0.073,0.874,0.902,0.882,0.793,0.786,0.769,0.857,0.859,0.848,0.068,0.067,0.065,0.950,0.921,0.958,0.843,0.857,0.833,0.915,0.891,0.799,0.068,0.066,0.064,0.946,0.958,0.942,0.853,0.870,0.879,0.863,0.937,0.806,0.073,0.069,0.072,0.815,0.808,0.826,0.772,0.779,0.805,0.676,0.651,0.664,0.083,0.080,0.157,0.824,0.813,0.832,0.788,0.732,0.789,0.262,0.381,0.335,0.080,0.080,0.084,0.771,0.734,0.727,0.736,0.742,0.716,0.104,0.102,0.102,0.078,0.074,0.078,0.629,0.613,0.618,0.613,0.623,0.604,0.083,0.080,0.074
19:59:10,37.0,0.734,0.724,0.730,0.750,0.770,0.763,0.740,0.735,0.743,0.751,0.761,0.588,0.077,0.073,0.073,0.874,0.899,0.878,0.789,0.782,0.766,0.858,0.859,0.850,0.068,0.067,0.064,0.945,0.916,0.960,0.838,0.852,0.826,0.917,0.894,0.803,0.068,0.066,0.064,0.943,0.953,0.938,0.848,0.864,0.876,0.868,0.941,0.810,0.073,0.070,0.071,0.818,0.810,0.828,0.772,0.778,0.806,0.686,0.661,0.671,0.076,0.080,0.174,0.826,0.815,0.834,0.789,0.733,0.791,0.287,0.411,0.358,0.080,0.080,0.083,0.774,0.738,0.730,0.739,0.745,0.720,0.109,0.108,0.106,0.077,0.074,0.078,0.633,0.617,0.621,0.615,0.627,0.608,0.085,0.081,0.074
20:24:10,37.0,0.734,0.726,0.732,0.751,0.770,0.765,0.742,0.736,0.744,0.752,0.762,0.593,0.077,0.073,0.073,0.874,0.895,0.875,0.784,0.778,0.762,0.857,0.859,0.851,0.067,0.067,0.064,0.949,0.920,0.955,0.831,0.846,0.819,0.918,0.896,0.805,0.068,0.066,0.064,0.939,0.953,0.933,0.843,0.858,0.870,0.871,0.946,0.814,0.073,0.070,0.072,0.821,0.811,0.829,0.774,0.780,0.807,0.695,0.670,0.678,0.076,0.081,0.194,0.828,0.817,0.836,0.791,0.735,0.793,0.316,0.439,0.381,0.080,0.080,0.083,0.777,0.741,0.733,0.741,0.748,0.723,0.116,0.114,0.112,0.077,0.074,0.078,0.636,0.620,0.625,0.619,0.630,0.612,0.086,0.083,0.074
20:49:10,37.1,0.734,0.727,0.733,0.751,0.771,0.765,0.742,0.737,0.744,0.753,0.763,0.597,0.077,0.073,0.073,0.872,0.892,0.872,0.779,0.773,0.757,0.856,0.858,0.853,0.067,0.067,0.064,0.939,0.914,0.944,0.826,0.838,0.812,0.919,0.898,0.808,0.068,0.066,0.064,0.935,0.953,0.936,0.838,0.849,0.864,0.875,0.950,0.817,0.073,0.070,0.072,0.822,0.814,0.831,0.774,0.780,0.807,0.702,0.678,0.684,0.076,0.081,0.217,0.830,0.819,0.837,0.793,0.736,0.793,0.346,0.464,0.401,0.080,0.080,0.083,0.780,0.743,0.736,0.744,0.750,0.726,0.123,0.121,0.118,0.077,0.074,0.077,0.639,0.623,0.628,0.621,0.633,0.614,0.089,0.084,0.074
21:14:10,37.0,0.734,0.729,0.734,0.752,0.771,0.764,0.743,0.737,0.745,0.754,0.765,0.602,0.076,0.073,0.073,0.870,0.900,0.870,0.774,0.768,0.752,0.855,0.857,0.855,0.067,0.066,0.064,0.931,0.904,0.934,0.818,0.831,0.804,0.919,0.899,0.811,0.067,0.066,0.064,0.942,0.942,0.930,0.832,0.843,0.858,0.877,0.953,0.820,0.073,0.070,0.072,0.825,0.815,0.832,0.775,0.780,0.807,0.710,0.685,0.690,0.083,0.081,0.243,0.832,0.821,0.839,0.793,0.736,0.794,0.377,0.485,0.429,0.080,0.080,0.083,0.782,0.746,0.738,0.746,0.753,0.729,0.132,0.130,0.126,0.076,0.074,0.077,0.643,0.625,0.631,0.624,0.636,0.617,0.091,0.086,0.074
21:39:10,37.0,0.734,0.731,0.734,0.752,0.771,0.765,0.744,0.738,0.745,0.755,0.765,0.607,0.076,0.073,0.073,0.867,0.899,0.879,0.770,0.763,0.748,0.853,0.855,0.855,0.067,0.066,0.064,0.924,0.898,0.925,0.812,0.835,0.808,0.919,0.901,0.813,0.067,0.066,0.064,0.932,0.930,0.919,0.824,0.846,0.851,0.879,0.956,0.822,0.074,0.070,0.072,0.827,0.817,0.834,0.776,0.780,0.807,0.716,0.692,0.696,0.075,0.081,0.274,0.833,0.822,0.840,0.794,0.738,0.797,0.407,0.505,0.441,0.080,0.080,0.083,0.785,0.748,0.740,0.749,0.756,0.732,0.142,0.141,0.134,0.076,0.073,0.077,0.645,0.628,0.633,0.627,0.639,0.619,0.094,0.087,0.074
22:04:10,37.0,0.733,0.732,0.736,0.752,0.771,0.764,0.745,0.739,0.746,0.756,0.767,0.612,0.076,0.073,0.072,0.864,0.894,0.878,0.765,0.759,0.744,0.850,0.853,0.855,0.066,0.066,0.064,0.917,0.889,0.918,0.817,0.829,0.804,0.918,0.902,0.815,0.068,0.065,0.064,0.921,0.922,0.910,0.819,0.837,0.854,0.881,0.959,0.825,0.074,0.070,0.072,0.828,0.819,0.836,0.776,0.781,0.808,0.722,0.699,0.701,0.075,0.082,0.309,0.835,0.823,0.842,0.795,0.738,0.798,0.436,0.522,0.462,0.080,0.080,0.083,0.786,0.751,0.742,0.751,0.758,0.734,0.155,0.153,0.143,0.076,0.073,0.076,0.648,0.631,0.636,0.629,0.640,0.622,0.096,0.089,0.074
22:29:10,37.0,0.732,0.733,0.736,0.752,0.770,0.764,0.745,0.739,0.746,0.757,0.768,0.616,0.076,0.072,0.072,0.867,0.888,0.871,0.763,0.755,0.740,0.846,0.850,0.855,0.066,0.066,0.064,0.911,0.884,0.911,0.808,0.820,0.797,0.916,0.903,0.818,0.068,0.065,0.064,0.913,0.914,0.901,0.823,0.826,0.849,0.883,0.962,0.828,0.074,0.070,0.072,0.829,0.820,0.837,0.777,0.781,0.809,0.728,0.705,0.706,0.075,0.082,0.346,0.837,0.825,0.842,0.796,0.738,0.798,0.463,0.538,0.474,0.080,0.079,0.083,0.789,0.753,0.744,0.753,0.760,0.736,0.170,0.167,0.153,0.075,0.073,0.076,0.650,0.633,0.638,0.631,0.643,0.624,0.099,0.091,0.073
22:54:10,37.0,0.730,0.734,0.736,0.752,0.770,0.763,0.744,0.739,0.747,0.758,0.768,0.620,0.075,0.072,0.072,0.871,0.892,0.865,0.760,0.753,0.737,0.842,0.846,0.854,0.066,0.066,0.064,0.908,0.879,0.907,0.800,0.812,0.789,0.914,0.902,0.819,0.068,0.065,0.064,0.906,0.908,0.895,0.817,0.817,0.839,0.884,0.965,0.830,0.074,0.071,0.073,0.831,0.823,0.838,0.777,0.781,0.808,0.734,0.710,0.710,0.075,0.082,0.382,0.838,0.825,0.842,0.796,0.738,0.799,0.486,0.553,0.486,0.079,0.079,0.083,0.790,0.755,0.746,0.755,0.763,0.739,0.186,0.183,0.166,0.075,0.073,0.076,0.653,0.635,0.641,0.633,0.645,0.625,0.102,0.093,0.073
23:19:10,37.1,0.729,0.735,0.737,0.751,0.768,0.762,0.744,0.739,0.746,0.757,0.769,0.624,0.075,0.072,0.072,0.866,0.886,0.859,0.769,0.750,0.735,0.849,0.842,0.852,0.066,0.066,0.064,0.904,0.875,0.904,0.792,0.805,0.784,0.911,0.902,0.820,0.067,0.065,0.064,0.902,0.903,0.889,0.809,0.809,0.829,0.885,0.967,0.832,0.074,0.071,0.073,0.832,0.823,0.839,0.777,0.781,0.808,0.739,0.715,0.714,0.075,0.082,0.416,0.840,0.826,0.843,0.797,0.737,0.799,0.505,0.567,0.496,0.079,0.079,0.083,0.792,0.757,0.747,0.757,0.764,0.740,0.206,0.202,0.181,0.075,0.072,0.076,0.655,0.637,0.643,0.635,0.647,0.627,0.105,0.095,0.073
23:44:10,37.0,0.727,0.735,0.738,0.750,0.768,0.762,0.743,0.739,0.746,0.758,0.770,0.628,0.074,0.072,0.072,0.859,0.873,0.854,0.763,0.757,0.740,0.845,0.851,0.850,0.065,0.066,0.064,0.903,0.872,0.902,0.786,0.799,0.778,0.908,0.902,0.822,0.068,0.065,0.064,0.897,0.900,0.885,0.800,0.803,0.821,0.885,0.968,0.834,0.074,0.071,0.073,0.833,0.824,0.840,0.777,0.780,0.806,0.744,0.720,0.718,0.075,0.082,0.447,0.841,0.826,0.842,0.797,0.736,0.799,0.523,0.580,0.507,0.079,0.079,0.083,0.794,0.759,0.749,0.758,0.766,0.742,0.232,0.229,0.200,0.074,0.072,0.076,0.657,0.638,0.644,0.636,0.649,0.629,0.108,0.096,0.072
24:09:10,37.0,0.724,0.735,0.737,0.749,0.766,0.760,0.742,0.738,0.746,0.758,0.769,0.632,0.074,0.072,0.072,0.853,0.864,0.850,0.756,0.753,0.739,0.838,0.846,0.847,0.065,0.065,0.063,0.901,0.869,0.899,0.780,0.794,0.773,0.904,0.900,0.823,0.067,0.066,0.064,0.894,0.897,0.881,0.793,0.797,0.814,0.885,0.970,0.835,0.075,0.071,0.073,0.833,0.825,0.840,0.776,0.779,0.805,0.748,0.724,0.721,0.075,0.082,0.475,0.841,0.826,0.842,0.797,0.736,0.800,0.541,0.593,0.519,0.078,0.079,0.083,0.795,0.761,0.750,0.760,0.767,0.744,0.261,0.254,0.216,0.074,0.072,0.075,0.658,0.639,0.644,0.637,0.649,0.630,0.112,0.098,0.072
24:34:10,37.0,0.720,0.736,0.737,0.748,0.766,0.759,0.741,0.738,0.745,0.759,0.770,0.637,0.074,0.071,0.072,0.847,0.872,0.845,0.749,0.747,0.734,0.831,0.839,0.857,0.065,0.065,0.063,0.901,0.868,0.897,0.776,0.791,0.770,0.904,0.899,0.823,0.067,0.066,0.064,0.892,0.895,0.879,0.786,0.794,0.808,0.886,0.970,0.836,0.075,0.071,0.073,0.834,0.826,0.840,0.775,0.778,0.804,0.753,0.730,0.724,0.074,0.082,0.500,0.842,0.824,0.840,0.797,0.735,0.799,0.557,0.604,0.529,0.078,0.078,0.083,0.797,0.762,0.751,0.761,0.769,0.745,0.288,0.280,0.232,0.074,0.072,0.075,0.659,0.639,0.643,0.638,0.649,0.631,0.115,0.100,0.071
24:59:10,37.1,0.717,0.736,0.736,0.747,0.762,0.757,0.740,0.738,0.744,0.758,0.770,0.640,0.073,0.071,0.072,0.844,0.858,0.842,0.746,0.742,0.728,0.824,0.833,0.856,0.065,0.065,0.063,0.900,0.867,0.896,0.773,0.788,0.766,0.906,0.897,0.823,0.067,0.066,0.064,0.890,0.894,0.876,0.781,0.791,0.803,0.886,0.970,0.836,0.075,0.071,0.073,0.834,0.826,0.839,0.775,0.777,0.803,0.757,0.733,0.728,0.075,0.083,0.520,0.842,0.823,0.838,0.796,0.733,0.798,0.571,0.616,0.534,0.078,0.078,0.083,0.798,0.764,0.751,0.761,0.771,0.746,0.315,0.304,0.249,0.073,0.071,0.075,0.658,0.636,0.641,0.637,0.648,0.630,0.118,0.101,0.070
25:24:10,37.1,0.713,0.736,0.736,0.745,0.761,0.756,0.738,0.736,0.743,0.758,0.770,0.644,0.073,0.071,0.071,0.839,0.858,0.839,0.739,0.736,0.723,0.820,0.828,0.852,0.064,0.065,0.063,0.901,0.867,0.896,0.770,0.786,0.764,0.900,0.894,0.823,0.067,0.066,0.064,0.889,0.892,0.874,0.776,0.789,0.800,0.884,0.971,0.837,0.075,0.071,0.074,0.833,0.826,0.838,0.775,0.776,0.801,0.761,0.737,0.729,0.075,0.083,0.540,0.842,0.821,0.836,0.795,0.732,0.798,0.584,0.626,0.541,0.078,0.078,0.083,0.799,0.765,0.753,0.762,0.771,0.748,0.341,0.329,0.266,0.073,0.071,0.074,0.656,0.634,0.639,0.634,0.645,0.628,0.121,0.102,0.070
0:00:00,,,,,,,,,,,,,,,,,,,,,,,,,,,,,,,,,,,,,,,,,,,,,,,,,,,,,,,,,,,,,,,,,,,,,,,,,,,,,,,,,,,,,,,,,,,,,,,,,
0:00:00,,,,,,,,,,,,,,,,,,,,,,,,,,,,,,,,,,,,,,,,,,,,,,,,,,,,,,,,,,,,,,,,,,,,,,,,,,,,,,,,,,,,,,,,,,,,,,,,,
0:00:00,,,,,,,,,,,,,,,,,,,,,,,,,,,,,,,,,,,,,,,,,,,,,,,,,,,,,,,,,,,,,,,,,,,,,,,,,,,,,,,,,,,,,,,,,,,,,,,,,
0:00:00,,,,,,,,,,,,,,,,,,,,,,,,,,,,,,,,,,,,,,,,,,,,,,,,,,,,,,,,,,,,,,,,,,,,,,,,,,,,,,,,,,,,,,,,,,,,,,,,,
0:00:00,,,,,,,,,,,,,,,,,,,,,,,,,,,,,,,,,,,,,,,,,,,,,,,,,,,,,,,,,,,,,,,,,,,,,,,,,,,,,,,,,,,,,,,,,,,,,,,,,
0:00:00,,,,,,,,,,,,,,,,,,,,,,,,,,,,,,,,,,,,,,,,,,,,,,,,,,,,,,,,,,,,,,,,,,,,,,,,,,,,,,,,,,,,,,,,,,,,,,,,,
0:00:00,,,,,,,,,,,,,,,,,,,,,,,,,,,,,,,,,,,,,,,,,,,,,,,,,,,,,,,,,,,,,,,,,,,,,,,,,,,,,,,,,,,,,,,,,,,,,,,,,
0:00:00,,,,,,,,,,,,,,,,,,,,,,,,,,,,,,,,,,,,,,,,,,,,,,,,,,,,,,,,,,,,,,,,,,,,,,,,,,,,,,,,,,,,,,,,,,,,,,,,,
0:00:00,,,,,,,,,,,,,,,,,,,,,,,,,,,,,,,,,,,,,,,,,,,,,,,,,,,,,,,,,,,,,,,,,,,,,,,,,,,,,,,,,,,,,,,,,,,,,,,,,
0:00:00,,,,,,,,,,,,,,,,,,,,,,,,,,,,,,,,,,,,,,,,,,,,,,,,,,,,,,,,,,,,,,,,,,,,,,,,,,,,,,,,,,,,,,,,,,,,,,,,,
0:00:00,,,,,,,,,,,,,,,,,,,,,,,,,,,,,,,,,,,,,,,,,,,,,,,,,,,,,,,,,,,,,,,,,,,,,,,,,,,,,,,,,,,,,,,,,,,,,,,,,
0:00:00,,,,,,,,,,,,,,,,,,,,,,,,,,,,,,,,,,,,,,,,,,,,,,,,,,,,,,,,,,,,,,,,,,,,,,,,,,,,,,,,,,,,,,,,,,,,,,,,,

