0:24:10,37.0,0.049,0.048,0.049,0.047,0.049,0.047,0.044,0.047,0.046,0.050,0.056,0.046,0.051,0.049,0.053,0.047,0.050,0.047,0.046,0.047,0.046,0.049,0.047,0.047,0.055,0.052,0.052,0.050,0.051,0.049,0.048,0.047,0.050,0.047,0.049,0.049,0.053,0.049,0.050,0.049,0.049,0.049,0.047,0.046,0.046,0.047,0.048,0.084,0.054,0.054,0.053,0.051,0.050,0.048,0.047,0.048,0.048,0.048,0.046,0.048,0.052,0.055,0.058,0.052,0.050,0.049,0.046,0.049,0.046,0.048,0.048,0.048,0.058,0.057,0.063,0.052,0.053,0.055,0.049,0.047,0.050,0.051,0.048,0.065,0.061,0.063,0.060,0.057,0.055,0.055,0.054,0.052,0.050,0.056,0.052,0.056
0:49:10,37.0,0.052,0.057,0.051,0.050,0.051,0.050,0.047,0.049,0.048,0.053,0.059,0.049,0.052,0.050,0.053,0.048,0.050,0.047,0.048,0.048,0.047,0.051,0.048,0.049,0.057,0.054,0.054,0.051,0.051,0.050,0.049,0.047,0.050,0.048,0.049,0.049,0.056,0.051,0.051,0.050,0.050,0.049,0.048,0.046,0.047,0.047,0.048,0.086,0.057,0.057,0.056,0.052,0.051,0.050,0.048,0.049,0.048,0.049,0.047,0.048,0.055,0.058,0.061,0.054,0.052,0.050,0.047,0.050,0.046,0.049,0.048,0.049,0.062,0.061,0.068,0.055,0.056,0.058,0.051,0.049,0.052,0.053,0.050,0.070,0.063,0.065,0.063,0.058,0.057,0.056,0.054,0.053,0.051,0.057,0.053,0.057
1:14:10,37.0,0.056,0.059,0.054,0.053,0.054,0.052,0.048,0.052,0.050,0.056,0.062,0.053,0.053,0.051,0.054,0.049,0.051,0.048,0.049,0.050,0.049,0.053,0.049,0.050,0.059,0.055,0.055,0.051,0.051,0.050,0.050,0.048,0.051,0.049,0.050,0.050,0.058,0.052,0.052,0.051,0.050,0.050,0.048,0.047,0.047,0.048,0.049,0.088,0.059,0.060,0.058,0.053,0.052,0.051,0.048,0.050,0.048,0.050,0.047,0.049,0.058,0.060,0.064,0.055,0.053,0.051,0.048,0.051,0.047,0.050,0.049,0.050,0.065,0.063,0.071,0.056,0.057,0.060,0.051,0.050,0.053,0.054,0.050,0.072,0.065,0.066,0.064,0.059,0.057,0.057,0.055,0.053,0.051,0.057,0.053,0.057
1:39:10,37.0,0.060,0.058,0.058,0.057,0.058,0.056,0.052,0.056,0.053,0.061,0.066,0.057,0.053,0.051,0.055,0.050,0.052,0.049,0.051,0.052,0.051,0.055,0.051,0.052,0.060,0.056,0.056,0.052,0.052,0.051,0.051,0.049,0.052,0.049,0.051,0.051,0.059,0.054,0.054,0.051,0.051,0.051,0.049,0.048,0.048,0.048,0.049,0.091,0.061,0.062,0.060,0.054,0.052,0.051,0.049,0.050,0.049,0.050,0.048,0.049,0.060,0.062,0.067,0.056,0.054,0.052,0.049,0.052,0.048,0.050,0.050,0.051,0.067,0.064,0.073,0.057,0.058,0.061,0.052,0.050,0.054,0.054,0.050,0.073,0.066,0.067,0.064,0.059,0.058,0.057,0.055,0.053,0.052,0.057,0.052,0.056
2:04:10,37.0,0.064,0.062,0.063,0.061,0.063,0.061,0.056,0.060,0.057,0.067,0.071,0.063,0.054,0.052,0.056,0.051,0.053,0.050,0.053,0.055,0.053,0.058,0.053,0.054,0.061,0.057,0.057,0.052,0.052,0.051,0.052,0.050,0.053,0.050,0.052,0.051,0.061,0.055,0.055,0.052,0.051,0.051,0.050,0.048,0.048,0.049,0.050,0.093,0.063,0.063,0.061,0.054,0.052,0.052,0.049,0.051,0.049,0.051,0.048,0.050,0.061,0.064,0.069,0.057,0.054,0.052,0.049,0.053,0.048,0.051,0.050,0.051,0.068,0.065,0.074,0.057,0.058,0.061,0.052,0.051,0.054,0.054,0.050,0.073,0.066,0.067,0.065,0.059,0.058,0.057,0.055,0.053,0.052,0.057,0.053,0.056
2:29:10,37.0,0.069,0.073,0.069,0.067,0.069,0.067,0.060,0.066,0.062,0.074,0.077,0.071,0.054,0.052,0.056,0.052,0.054,0.051,0.056,0.057,0.055,0.060,0.055,0.057,0.061,0.057,0.057,0.052,0.053,0.051,0.053,0.051,0.053,0.051,0.053,0.052,0.062,0.056,0.055,0.052,0.051,0.052,0.051,0.048,0.049,0.049,0.050,0.095,0.064,0.064,0.062,0.055,0.053,0.052,0.050,0.051,0.050,0.051,0.048,0.050,0.063,0.065,0.070,0.058,0.055,0.053,0.049,0.053,0.048,0.051,0.051,0.051,0.069,0.066,0.074,0.058,0.058,0.061,0.052,0.051,0.054,0.054,0.050,0.073,0.066,0.067,0.065,0.059,0.058,0.057,0.055,0.054,0.052,0.056,0.053,0.056
2:54:10,37.0,0.075,0.074,0.076,0.074,0.076,0.073,0.066,0.073,0.068,0.083,0.084,0.082,0.055,0.052,0.057,0.052,0.055,0.052,0.059,0.060,0.058,0.063,0.057,0.059,0.062,0.058,0.057,0.053,0.053,0.051,0.054,0.052,0.054,0.052,0.054,0.053,0.064,0.056,0.056,0.052,0.052,0.052,0.052,0.049,0.049,0.050,0.050,0.097,0.064,0.065,0.063,0.055,0.054,0.052,0.050,0.051,0.050,0.052,0.048,0.051,0.063,0.065,0.070,0.059,0.055,0.053,0.049,0.054,0.048,0.051,0.051,0.051,0.069,0.066,0.074,0.058,0.058,0.061,0.052,0.051,0.054,0.054,0.050,0.073,0.066,0.067,0.065,0.059,0.058,0.057,0.055,0.054,0.052,0.056,0.052,0.056
3:19:10,37.1,0.083,0.083,0.084,0.083,0.086,0.083,0.072,0.082,0.077,0.095,0.093,0.094,0.055,0.053,0.057,0.053,0.056,0.053,0.064,0.063,0.061,0.067,0.060,0.062,0.063,0.059,0.058,0.053,0.053,0.052,0.055,0.053,0.056,0.053,0.055,0.054,0.065,0.057,0.057,0.052,0.052,0.052,0.052,0.049,0.050,0.050,0.051,0.099,0.065,0.066,0.064,0.055,0.053,0.053,0.050,0.051,0.050,0.052,0.049,0.051,0.064,0.065,0.071,0.059,0.056,0.054,0.050,0.054,0.049,0.051,0.051,0.051,0.069,0.066,0.074,0.057,0.058,0.061,0.052,0.051,0.054,0.054,0.050,0.073,0.067,0.067,0.065,0.059,0.058,0.057,0.055,0.054,0.052,0.056,0.052,0.056
3:44:10,37.0,0.094,0.098,0.094,0.093,0.097,0.094,0.082,0.093,0.086,0.109,0.105,0.111,0.055,0.053,0.057,0.054,0.058,0.053,0.069,0.066,0.065,0.071,0.063,0.066,0.064,0.060,0.058,0.053,0.054,0.052,0.057,0.054,0.057,0.055,0.056,0.055,0.066,0.058,0.058,0.053,0.052,0.052,0.053,0.049,0.051,0.051,0.051,0.101,0.066,0.066,0.064,0.056,0.054,0.053,0.051,0.052,0.051,0.052,0.049,0.051,0.064,0.066,0.071,0.060,0.056,0.054,0.050,0.054,0.049,0.051,0.051,0.052,0.070,0.066,0.075,0.057,0.058,0.061,0.052,0.051,0.054,0.053,0.050,0.073,0.067,0.067,0.065,0.059,0.058,0.057,0.055,0.054,0.052,0.056,0.052,0.056
4:09:10,37.0,0.105,0.105,0.107,0.107,0.111,0.108,0.094,0.107,0.101,0.125,0.120,0.132,0.055,0.053,0.057,0.055,0.058,0.054,0.074,0.071,0.070,0.076,0.067,0.070,0.064,0.060,0.059,0.054,0.054,0.052,0.059,0.056,0.059,0.056,0.058,0.057,0.066,0.058,0.058,0.053,0.052,0.052,0.054,0.051,0.051,0.051,0.051,0.102,0.066,0.066,0.064,0.056,0.054,0.053,0.051,0.052,0.051,0.052,0.049,0.051,0.065,0.066,0.071,0.060,0.056,0.054,0.050,0.055,0.049,0.052,0.051,0.052,0.070,0.066,0.074,0.057,0.058,0.061,0.052,0.051,0.054,0.053,0.050,0.073,0.067,0.067,0.065,0.059,0.058,0.057,0.055,0.054,0.052,0.056,0.053,0.056
4:34:10,37.1,0.117,0.120,0.124,0.123,0.127,0.124,0.110,0.125,0.113,0.146,0.135,0.150,0.055,0.053,0.057,0.056,0.059,0.055,0.081,0.076,0.076,0.083,0.071,0.076,0.065,0.060,0.059,0.054,0.054,0.052,0.062,0.058,0.061,0.058,0.060,0.058,0.067,0.059,0.059,0.053,0.053,0.053,0.055,0.051,0.052,0.052,0.051,0.105,0.066,0.067,0.064,0.057,0.054,0.054,0.051,0.052,0.052,0.052,0.049,0.051,0.065,0.066,0.072,0.060,0.057,0.055,0.051,0.055,0.049,0.052,0.051,0.052,0.070,0.066,0.074,0.057,0.058,0.061,0.052,0.051,0.054,0.053,0.050,0.073,0.067,0.067,0.065,0.059,0.058,0.057,0.055,0.054,0.052,0.056,0.052,0.056
4:59:10,37.1,0.134,0.136,0.147,0.141,0.144,0.145,0.126,0.146,0.120,0.172,0.148,0.167,0.055,0.053,0.057,0.057,0.060,0.056,0.089,0.082,0.083,0.090,0.077,0.082,0.065,0.061,0.059,0.054,0.054,0.052,0.065,0.060,0.064,0.060,0.061,0.060,0.067,0.059,0.059,0.053,0.053,0.053,0.056,0.051,0.052,0.052,0.051,0.106,0.066,0.067,0.065,0.057,0.054,0.054,0.051,0.052,0.052,0.052,0.049,0.051,0.065,0.066,0.072,0.061,0.057,0.055,0.051,0.055,0.049,0.052,0.051,0.052,0.070,0.065,0.074,0.057,0.058,0.060,0.052,0.051,0.054,0.053,0.050,0.073,0.067,0.067,0.065,0.059,0.057,0.057,0.055,0.054,0.052,0.056,0.052,0.056
5:24:10,37.0,0.153,0.151,0.178,0.162,0.167,0.169,0.142,0.176,0.131,0.203,0.170,0.204,0.056,0.053,0.058,0.058,0.062,0.057,0.099,0.090,0.090,0.100,0.084,0.090,0.066,0.061,0.059,0.054,0.054,0.053,0.068,0.063,0.067,0.062,0.064,0.063,0.068,0.059,0.059,0.053,0.054,0.053,0.058,0.051,0.053,0.052,0.052,0.108,0.067,0.067,0.065,0.057,0.054,0.054,0.052,0.053,0.052,0.053,0.049,0.051,0.065,0.066,0.072,0.061,0.057,0.055,0.051,0.056,0.050,0.052,0.052,0.052,0.069,0.065,0.073,0.056,0.057,0.060,0.052,0.051,0.054,0.053,0.050,0.073,0.066,0.067,0.065,0.059,0.057,0.057,0.055,0.054,0.052,0.056,0.052,0.056
5:49:10,37.0,0.171,0.171,0.236,0.183,0.194,0.198,0.180,0.213,0.161,0.250,0.208,0.238,0.056,0.053,0.058,0.060,0.063,0.058,0.111,0.099,0.101,0.112,0.092,0.100,0.067,0.062,0.059,0.055,0.054,0.053,0.073,0.067,0.070,0.066,0.067,0.065,0.069,0.060,0.059,0.054,0.054,0.054,0.059,0.052,0.054,0.053,0.053,0.111,0.067,0.067,0.065,0.057,0.054,0.054,0.052,0.053,0.052,0.053,0.050,0.052,0.066,0.067,0.072,0.061,0.057,0.055,0.051,0.056,0.050,0.052,0.052,0.052,0.069,0.065,0.073,0.056,0.057,0.060,0.052,0.051,0.054,0.053,0.050,0.073,0.066,0.066,0.065,0.059,0.057,0.057,0.055,0.054,0.052,0.056,0.052,0.056
6:14:10,37.1,0.189,0.194,0.173,0.199,0.227,0.233,0.233,0.260,0.197,0.318,0.246,0.267,0.056,0.053,0.058,0.061,0.064,0.060,0.126,0.111,0.114,0.126,0.103,0.112,0.067,0.062,0.060,0.055,0.054,0.053,0.078,0.071,0.075,0.070,0.071,0.069,0.069,0.060,0.060,0.054,0.053,0.054,0.060,0.053,0.055,0.053,0.053,0.113,0.067,0.067,0.065,0.058,0.055,0.054,0.052,0.053,0.052,0.053,0.050,0.052,0.066,0.067,0.072,0.061,0.057,0.055,0.051,0.056,0.050,0.052,0.052,0.053,0.069,0.065,0.073,0.056,0.057,0.060,0.052,0.051,0.054,0.053,0.050,0.072,0.066,0.066,0.065,0.059,0.057,0.057,0.055,0.054,0.052,0.056,0.053,0.056
6:39:10,37.0,0.208,0.225,0.179,0.202,0.265,0.269,0.279,0.314,0.247,0.362,0.288,0.299,0.056,0.053,0.058,0.062,0.065,0.061,0.145,0.126,0.130,0.145,0.116,0.127,0.068,0.062,0.060,0.055,0.055,0.053,0.085,0.076,0.080,0.075,0.075,0.072,0.069,0.060,0.060,0.054,0.054,0.054,0.062,0.054,0.056,0.054,0.053,0.115,0.067,0.067,0.065,0.058,0.055,0.054,0.052,0.053,0.053,0.053,0.050,0.052,0.066,0.067,0.072,0.061,0.057,0.055,0.051,0.056,0.050,0.052,0.052,0.053,0.068,0.065,0.073,0.056,0.057,0.060,0.052,0.051,0.054,0.053,0.050,0.072,0.066,0.066,0.065,0.059,0.057,0.057,0.055,0.054,0.052,0.056,0.053,0.056
7:04:10,37.0,0.188,0.252,0.207,0.228,0.293,0.288,0.325,0.358,0.287,0.402,0.331,0.328,0.056,0.053,0.058,0.064,0.067,0.062,0.168,0.144,0.149,0.168,0.132,0.150,0.068,0.063,0.060,0.055,0.055,0.053,0.093,0.082,0.087,0.081,0.080,0.077,0.070,0.061,0.060,0.054,0.054,0.054,0.064,0.055,0.058,0.054,0.054,0.118,0.067,0.067,0.065,0.058,0.055,0.054,0.053,0.054,0.053,0.053,0.050,0.052,0.066,0.066,0.072,0.061,0.057,0.055,0.051,0.056,0.050,0.052,0.052,0.053,0.068,0.064,0.072,0.056,0.057,0.060,0.052,0.050,0.054,0.053,0.050,0.072,0.066,0.066,0.065,0.059,0.057,0.057,0.055,0.054,0.052,0.056,0.052,0.056
7:29:10,37.1,0.202,0.275,0.302,0.291,0.302,0.277,0.375,0.405,0.331,0.439,0.370,0.355,0.056,0.053,0.058,0.066,0.068,0.064,0.197,0.166,0.171,0.196,0.151,0.169,0.068,0.063,0.060,0.056,0.055,0.054,0.102,0.089,0.095,0.088,0.087,0.083,0.070,0.061,0.060,0.054,0.054,0.054,0.066,0.056,0.059,0.055,0.054,0.121,0.067,0.067,0.065,0.058,0.055,0.054,0.053,0.054,0.053,0.053,0.050,0.052,0.066,0.066,0.072,0.061,0.057,0.055,0.052,0.056,0.050,0.052,0.052,0.053,0.068,0.064,0.072,0.056,0.057,0.059,0.052,0.050,0.053,0.053,0.049,0.072,0.066,0.066,0.065,0.059,0.057,0.057,0.055,0.054,0.052,0.056,0.053,0.056
7:54:10,37.1,0.344,0.279,0.368,0.365,0.343,0.292,0.414,0.444,0.372,0.472,0.407,0.381,0.056,0.053,0.058,0.068,0.070,0.066,0.232,0.195,0.200,0.230,0.177,0.196,0.069,0.064,0.061,0.056,0.055,0.054,0.112,0.098,0.104,0.096,0.094,0.090,0.070,0.061,0.060,0.054,0.054,0.054,0.069,0.058,0.061,0.055,0.055,0.125,0.067,0.068,0.065,0.058,0.055,0.055,0.053,0.054,0.053,0.053,0.050,0.052,0.066,0.066,0.072,0.061,0.057,0.055,0.052,0.056,0.051,0.052,0.052,0.053,0.068,0.064,0.071,0.056,0.057,0.059,0.052,0.050,0.053,0.053,0.049,0.072,0.066,0.066,0.065,0.059,0.057,0.057,0.055,0.054,0.052,0.056,0.053,0.056
8:19:10,37.0,0.389,0.377,0.414,0.417,0.409,0.392,0.453,0.478,0.418,0.501,0.443,0.407,0.056,0.053,0.058,0.070,0.072,0.068,0.273,0.230,0.235,0.268,0.207,0.229,0.069,0.064,0.061,0.055,0.055,0.054,0.125,0.109,0.116,0.106,0.103,0.097,0.071,0.061,0.060,0.055,0.054,0.054,0.072,0.060,0.063,0.056,0.055,0.129,0.067,0.067,0.065,0.058,0.055,0.055,0.053,0.054,0.053,0.053,0.050,0.052,0.066,0.066,0.071,0.061,0.057,0.055,0.052,0.057,0.050,0.052,0.052,0.053,0.067,0.064,0.071,0.056,0.056,0.059,0.051,0.050,0.053,0.052,0.049,0.071,0.066,0.066,0.065,0.059,0.057,0.057,0.056,0.054,0.052,0.056,0.053,0.056
8:44:10,37.1,0.430,0.423,0.452,0.457,0.451,0.437,0.483,0.515,0.455,0.527,0.479,0.421,0.056,0.053,0.058,0.073,0.075,0.071,0.315,0.270,0.277,0.309,0.244,0.266,0.070,0.064,0.061,0.056,0.056,0.054,0.140,0.122,0.131,0.119,0.114,0.106,0.071,0.062,0.060,0.055,0.054,0.054,0.075,0.062,0.066,0.057,0.056,0.134,0.067,0.067,0.065,0.058,0.055,0.055,0.054,0.055,0.054,0.053,0.050,0.052,0.066,0.066,0.071,0.061,0.057,0.055,0.052,0.057,0.051,0.052,0.052,0.053,0.067,0.064,0.071,0.055,0.056,0.059,0.052,0.050,0.053,0.052,0.049,0.071,0.066,0.066,0.065,0.059,0.057,0.057,0.055,0.054,0.052,0.056,0.053,0.056
9:09:10,37.0,0.463,0.461,0.481,0.491,0.488,0.475,0.514,0.543,0.483,0.550,0.508,0.443,0.056,0.053,0.058,0.077,0.078,0.074,0.355,0.317,0.319,0.349,0.284,0.303,0.070,0.064,0.061,0.055,0.056,0.055,0.158,0.138,0.149,0.133,0.126,0.117,0.071,0.062,0.060,0.055,0.055,0.054,0.080,0.065,0.068,0.058,0.057,0.140,0.067,0.067,0.065,0.058,0.055,0.055,0.054,0.055,0.054,0.054,0.051,0.052,0.066,0.066,0.071,0.061,0.057,0.055,0.052,0.057,0.051,0.052,0.052,0.054,0.067,0.063,0.071,0.055,0.056,0.059,0.051,0.050,0.053,0.052,0.049,0.071,0.066,0.066,0.065,0.059,0.057,0.057,0.056,0.055,0.052,0.057,0.054,0.059
9:34:10,37.0,0.490,0.497,0.508,0.523,0.520,0.507,0.543,0.568,0.513,0.574,0.529,0.458,0.056,0.053,0.058,0.081,0.082,0.078,0.393,0.357,0.361,0.385,0.324,0.340,0.071,0.065,0.062,0.056,0.056,0.055,0.180,0.158,0.170,0.150,0.141,0.130,0.071,0.062,0.060,0.055,0.055,0.054,0.085,0.068,0.072,0.059,0.058,0.147,0.067,0.067,0.065,0.058,0.055,0.055,0.054,0.056,0.054,0.054,0.050,0.052,0.065,0.066,0.071,0.061,0.057,0.055,0.052,0.057,0.051,0.052,0.052,0.053,0.066,0.063,0.070,0.055,0.056,0.059,0.051,0.050,0.053,0.052,0.049,0.071,0.066,0.066,0.065,0.059,0.057,0.057,0.055,0.054,0.052,0.056,0.054,0.060
9:59:10,37.1,0.517,0.525,0.539,0.551,0.549,0.537,0.571,0.589,0.543,0.600,0.551,0.472,0.056,0.053,0.058,0.086,0.086,0.083,0.427,0.398,0.399,0.418,0.361,0.374,0.071,0.065,0.062,0.056,0.057,0.055,0.205,0.182,0.196,0.171,0.160,0.146,0.071,0.062,0.061,0.055,0.055,0.055,0.091,0.072,0.076,0.060,0.059,0.155,0.066,0.067,0.065,0.058,0.055,0.055,0.055,0.056,0.055,0.054,0.051,0.053,0.065,0.066,0.071,0.061,0.057,0.055,0.052,0.057,0.051,0.053,0.052,0.054,0.066,0.063,0.070,0.055,0.056,0.059,0.051,0.050,0.053,0.052,0.049,0.070,0.066,0.066,0.065,0.059,0.057,0.058,0.057,0.055,0.052,0.058,0.056,0.063
10:24:10,37.0,0.545,0.550,0.563,0.573,0.572,0.562,0.589,0.612,0.568,0.615,0.568,0.478,0.056,0.053,0.058,0.092,0.091,0.088,0.459,0.433,0.435,0.448,0.397,0.401,0.071,0.065,0.062,0.056,0.057,0.055,0.236,0.211,0.228,0.195,0.182,0.165,0.071,0.062,0.061,0.056,0.055,0.055,0.098,0.076,0.081,0.062,0.060,0.165,0.066,0.067,0.065,0.058,0.055,0.054,0.055,0.057,0.055,0.054,0.051,0.053,0.065,0.066,0.071,0.061,0.057,0.055,0.052,0.057,0.051,0.052,0.052,0.054,0.066,0.063,0.070,0.055,0.056,0.059,0.051,0.050,0.053,0.052,0.049,0.070,0.067,0.065,0.065,0.059,0.057,0.057,0.057,0.056,0.053,0.059,0.059,0.065
10:49:10,37.1,0.560,0.573,0.584,0.594,0.591,0.583,0.599,0.627,0.588,0.633,0.586,0.489,0.056,0.053,0.058,0.100,0.098,0.095,0.491,0.468,0.467,0.482,0.429,0.428,0.072,0.066,0.062,0.057,0.058,0.056,0.273,0.246,0.265,0.222,0.210,0.186,0.072,0.063,0.061,0.056,0.055,0.055,0.106,0.081,0.087,0.064,0.062,0.177,0.066,0.067,0.064,0.058,0.055,0.055,0.056,0.057,0.056,0.054,0.051,0.053,0.065,0.065,0.071,0.061,0.057,0.055,0.053,0.057,0.051,0.053,0.052,0.054,0.066,0.063,0.070,0.055,0.056,0.059,0.051,0.050,0.053,0.052,0.049,0.070,0.066,0.066,0.065,0.059,0.057,0.059,0.057,0.057,0.053,0.060,0.061,0.067
11:14:10,37.0,0.577,0.596,0.603,0.611,0.612,0.602,0.614,0.632,0.602,0.643,0.594,0.497,0.056,0.053,0.058,0.108,0.106,0.104,0.519,0.494,0.500,0.504,0.455,0.453,0.073,0.066,0.062,0.057,0.059,0.057,0.311,0.285,0.305,0.254,0.242,0.213,0.072,0.063,0.061,0.056,0.055,0.055,0.116,0.087,0.093,0.066,0.064,0.193,0.066,0.067,0.064,0.058,0.055,0.055,0.057,0.058,0.057,0.054,0.051,0.053,0.065,0.065,0.071,0.061,0.057,0.054,0.053,0.058,0.052,0.053,0.052,0.054,0.066,0.063,0.070,0.055,0.056,0.059,0.051,0.050,0.053,0.052,0.049,0.070,0.067,0.068,0.068,0.059,0.059,0.059,0.061,0.060,0.056,0.063,0.064,0.070
11:39:10,37.0,0.594,0.610,0.610,0.624,0.624,0.620,0.627,0.644,0.616,0.647,0.607,0.505,0.056,0.054,0.058,0.118,0.115,0.113,0.550,0.522,0.527,0.529,0.481,0.476,0.073,0.067,0.063,0.058,0.059,0.058,0.349,0.326,0.340,0.290,0.279,0.242,0.072,0.063,0.061,0.056,0.056,0.055,0.128,0.095,0.101,0.069,0.067,0.210,0.066,0.067,0.064,0.058,0.055,0.054,0.058,0.059,0.058,0.054,0.051,0.053,0.065,0.065,0.070,0.061,0.057,0.054,0.053,0.058,0.052,0.053,0.053,0.054,0.066,0.063,0.069,0.055,0.056,0.059,0.051,0.050,0.053,0.052,0.049,0.070,0.069,0.070,0.067,0.060,0.059,0.059,0.062,0.060,0.055,0.065,0.065,0.070
12:04:10,37.1,0.604,0.626,0.621,0.635,0.635,0.633,0.644,0.655,0.628,0.655,0.621,0.513,0.056,0.054,0.058,0.130,0.126,0.125,0.576,0.550,0.557,0.556,0.505,0.498,0.073,0.067,0.063,0.059,0.060,0.059,0.385,0.365,0.379,0.327,0.319,0.275,0.072,0.063,0.060,0.056,0.056,0.056,0.142,0.104,0.110,0.073,0.070,0.229,0.066,0.067,0.064,0.058,0.055,0.055,0.059,0.060,0.059,0.054,0.051,0.053,0.065,0.065,0.070,0.061,0.057,0.054,0.053,0.058,0.052,0.053,0.053,0.054,0.065,0.063,0.069,0.055,0.056,0.059,0.051,0.050,0.053,0.052,0.049,0.070,0.070,0.067,0.067,0.062,0.058,0.060,0.064,0.062,0.055,0.063,0.067,0.071
12:29:10,37.0,0.615,0.637,0.631,0.647,0.648,0.642,0.649,0.666,0.642,0.659,0.630,0.518,0.056,0.054,0.058,0.144,0.139,0.139,0.601,0.577,0.576,0.575,0.530,0.521,0.074,0.067,0.063,0.060,0.062,0.061,0.418,0.400,0.414,0.359,0.355,0.308,0.072,0.063,0.061,0.057,0.056,0.056,0.159,0.114,0.121,0.077,0.073,0.249,0.066,0.067,0.064,0.058,0.055,0.055,0.060,0.062,0.060,0.055,0.052,0.053,0.065,0.065,0.070,0.061,0.057,0.054,0.054,0.059,0.053,0.053,0.053,0.054,0.065,0.063,0.069,0.055,0.056,0.059,0.051,0.050,0.053,0.052,0.049,0.070,0.073,0.071,0.071,0.062,0.062,0.063,0.065,0.065,0.055,0.068,0.067,0.073
12:54:10,37.0,0.624,0.651,0.641,0.657,0.655,0.654,0.660,0.672,0.652,0.667,0.638,0.524,0.056,0.054,0.058,0.160,0.153,0.154,0.615,0.600,0.602,0.594,0.552,0.540,0.074,0.068,0.063,0.062,0.064,0.063,0.449,0.433,0.447,0.394,0.390,0.341,0.072,0.063,0.060,0.057,0.056,0.056,0.181,0.127,0.134,0.083,0.077,0.272,0.066,0.066,0.064,0.059,0.055,0.055,0.062,0.063,0.062,0.055,0.052,0.054,0.065,0.065,0.070,0.061,0.057,0.054,0.054,0.059,0.053,0.053,0.053,0.054,0.065,0.062,0.069,0.055,0.056,0.059,0.051,0.050,0.053,0.052,0.049,0.069,0.076,0.072,0.074,0.067,0.064,0.065,0.065,0.067,0.061,0.070,0.061,0.074
13:19:10,37.0,0.631,0.660,0.647,0.664,0.664,0.661,0.668,0.681,0.659,0.670,0.645,0.529,0.056,0.054,0.058,0.179,0.171,0.173,0.634,0.623,0.621,0.610,0.576,0.561,0.074,0.068,0.063,0.064,0.066,0.065,0.477,0.464,0.478,0.424,0.423,0.372,0.072,0.063,0.060,0.057,0.056,0.056,0.205,0.142,0.149,0.089,0.083,0.297,0.065,0.066,0.064,0.059,0.055,0.055,0.063,0.065,0.064,0.055,0.052,0.054,0.064,0.065,0.070,0.061,0.057,0.054,0.055,0.059,0.054,0.053,0.053,0.054,0.065,0.062,0.069,0.055,0.056,0.059,0.052,0.050,0.053,0.052,0.049,0.069,0.072,0.071,0.071,0.062,0.064,0.068,0.068,0.068,0.061,0.070,0.071,0.077
13:44:10,37.1,0.641,0.669,0.655,0.672,0.669,0.668,0.675,0.685,0.669,0.675,0.650,0.532,0.056,0.054,0.058,0.202,0.192,0.196,0.648,0.641,0.642,0.628,0.592,0.577,0.074,0.068,0.063,0.066,0.069,0.069,0.504,0.492,0.506,0.452,0.453,0.400,0.072,0.063,0.060,0.057,0.057,0.056,0.235,0.161,0.168,0.096,0.089,0.324,0.065,0.066,0.064,0.059,0.055,0.055,0.065,0.067,0.066,0.056,0.053,0.055,0.064,0.065,0.070,0.061,0.057,0.054,0.056,0.060,0.055,0.053,0.053,0.054,0.065,0.063,0.069,0.055,0.056,0.059,0.051,0.050,0.053,0.052,0.049,0.069,0.078,0.073,0.072,0.068,0.067,0.065,0.072,0.069,0.061,0.074,0.076,0.080
14:09:10,37.0,0.645,0.676,0.659,0.677,0.677,0.674,0.682,0.691,0.676,0.679,0.656,0.536,0.056,0.054,0.058,0.228,0.216,0.222,0.663,0.658,0.655,0.639,0.612,0.592,0.074,0.068,0.064,0.070,0.073,0.073,0.532,0.520,0.534,0.478,0.481,0.427,0.072,0.063,0.060,0.057,0.057,0.056,0.269,0.183,0.190,0.104,0.095,0.352,0.065,0.066,0.064,0.059,0.055,0.055,0.068,0.070,0.068,0.056,0.053,0.055,0.064,0.065,0.070,0.060,0.057,0.054,0.057,0.061,0.056,0.053,0.053,0.055,0.065,0.062,0.069,0.055,0.056,0.059,0.051,0.050,0.053,0.052,0.049,0.069,0.077,0.078,0.075,0.070,0.068,0.067,0.073,0.073,0.064,0.076,0.075,0.076
14:34:10,37.1,0.649,0.681,0.664,0.683,0.681,0.678,0.687,0.697,0.681,0.682,0.660,0.539,0.056,0.054,0.058,0.258,0.245,0.252,0.672,0.673,0.671,0.654,0.624,0.606,0.075,0.068,0.064,0.074,0.078,0.078,0.557,0.547,0.560,0.503,0.507,0.451,0.072,0.063,0.060,0.058,0.057,0.057,0.307,0.209,0.217,0.114,0.103,0.380,0.065,0.066,0.064,0.059,0.055,0.055,0.071,0.072,0.071,0.057,0.054,0.056,0.064,0.065,0.070,0.061,0.057,0.054,0.058,0.062,0.057,0.053,0.053,0.055,0.065,0.062,0.069,0.055,0.056,0.059,0.052,0.050,0.053,0.052,0.049,0.069,0.076,0.078,0.077,0.073,0.069,0.068,0.075,0.073,0.068,0.077,0.076,0.081
14:59:10,37.1,0.654,0.687,0.669,0.687,0.685,0.684,0.693,0.701,0.688,0.686,0.665,0.540,0.056,0.054,0.058,0.292,0.278,0.286,0.684,0.685,0.680,0.663,0.638,0.617,0.075,0.069,0.064,0.079,0.084,0.085,0.581,0.572,0.587,0.527,0.532,0.474,0.072,0.063,0.060,0.058,0.057,0.057,0.345,0.240,0.247,0.125,0.112,0.407,0.065,0.066,0.064,0.059,0.055,0.055,0.073,0.075,0.074,0.057,0.055,0.056,0.064,0.064,0.070,0.061,0.057,0.054,0.059,0.063,0.058,0.054,0.054,0.055,0.065,0.062,0.069,0.055,0.056,0.059,0.051,0.050,0.053,0.052,0.049,0.069,0.073,0.072,0.080,0.069,0.070,0.070,0.067,0.077,0.068,0.079,0.078,0.082
15:24:10,37.1,0.656,0.689,0.671,0.691,0.689,0.686,0.697,0.706,0.692,0.687,0.668,0.542,0.057,0.054,0.058,0.328,0.312,0.321,0.691,0.698,0.692,0.672,0.649,0.630,0.075,0.069,0.064,0.086,0.092,0.094,0.604,0.599,0.611,0.549,0.555,0.495,0.071,0.063,0.060,0.058,0.057,0.057,0.382,0.274,0.282,0.138,0.122,0.432,0.065,0.066,0.064,0.059,0.055,0.055,0.077,0.079,0.077,0.058,0.056,0.057,0.064,0.064,0.069,0.060,0.057,0.054,0.060,0.065,0.059,0.054,0.054,0.055,0.065,0.062,0.069,0.055,0.056,0.059,0.052,0.050,0.053,0.052,0.049,0.069,0.080,0.079,0.080,0.074,0.071,0.067,0.072,0.076,0.071,0.080,0.081,0.082
15:49:10,37.0,0.657,0.695,0.675,0.694,0.690,0.690,0.702,0.709,0.698,0.691,0.672,0.543,0.057,0.054,0.058,0.364,0.349,0.357,0.700,0.705,0.700,0.681,0.658,0.636,0.075,0.069,0.064,0.093,0.101,0.104,0.623,0.619,0.633,0.575,0.581,0.516,0.071,0.063,0.060,0.058,0.058,0.058,0.417,0.311,0.320,0.153,0.134,0.455,0.065,0.066,0.064,0.059,0.055,0.055,0.081,0.083,0.081,0.059,0.057,0.058,0.064,0.064,0.069,0.061,0.057,0.054,0.062,0.066,0.060,0.054,0.054,0.056,0.065,0.063,0.069,0.055,0.056,0.059,0.052,0.050,0.053,0.052,0.049,0.069,0.081,0.081,0.083,0.073,0.074,0.075,0.080,0.079,0.074,0.082,0.086,0.087
16:14:10,37.1,0.658,0.696,0.677,0.696,0.694,0.692,0.704,0.712,0.701,0.692,0.675,0.544,0.057,0.054,0.058,0.398,0.381,0.390,0.707,0.717,0.709,0.686,0.668,0.646,0.075,0.069,0.064,0.102,0.112,0.116,0.642,0.642,0.653,0.594,0.602,0.538,0.071,0.063,0.060,0.058,0.058,0.058,0.448,0.348,0.357,0.172,0.148,0.478,0.064,0.065,0.063,0.059,0.055,0.055,0.085,0.087,0.086,0.059,0.058,0.059,0.064,0.064,0.069,0.061,0.057,0.054,0.063,0.068,0.062,0.055,0.054,0.056,0.065,0.062,0.069,0.055,0.056,0.059,0.052,0.050,0.053,0.052,0.049,0.068,0.084,0.087,0.076,0.081,0.077,0.080,0.079,0.080,0.075,0.084,0.086,0.090
16:39:10,37.1,0.659,0.699,0.680,0.698,0.694,0.693,0.708,0.713,0.705,0.693,0.677,0.545,0.057,0.054,0.058,0.425,0.411,0.418,0.713,0.721,0.715,0.693,0.673,0.652,0.075,0.069,0.064,0.112,0.126,0.131,0.656,0.657,0.669,0.615,0.623,0.556,0.071,0.063,0.060,0.059,0.058,0.059,0.477,0.383,0.392,0.193,0.165,0.498,0.064,0.065,0.063,0.059,0.055,0.056,0.090,0.093,0.091,0.061,0.059,0.061,0.064,0.064,0.069,0.061,0.057,0.054,0.065,0.070,0.064,0.055,0.055,0.056,0.065,0.062,0.069,0.055,0.056,0.059,0.052,0.051,0.053,0.052,0.049,0.069,0.077,0.085,0.085,0.074,0.075,0.075,0.069,0.084,0.073,0.085,0.082,0.087
17:04:10,37.0,0.659,0.699,0.682,0.700,0.696,0.694,0.710,0.714,0.708,0.695,0.680,0.546,0.057,0.054,0.058,0.451,0.438,0.444,0.718,0.729,0.721,0.697,0.681,0.658,0.076,0.069,0.064,0.126,0.143,0.149,0.670,0.674,0.684,0.632,0.642,0.575,0.071,0.063,0.060,0.059,0.059,0.059,0.503,0.416,0.425,0.218,0.186,0.517,0.064,0.065,0.063,0.059,0.056,0.056,0.097,0.100,0.098,0.062,0.061,0.062,0.063,0.064,0.069,0.061,0.057,0.055,0.067,0.072,0.066,0.056,0.055,0.057,0.064,0.062,0.068,0.055,0.056,0.059,0.052,0.050,0.053,0.052,0.049,0.069,0.090,0.087,0.085,0.074,0.077,0.073,0.084,0.082,0.075,0.087,0.089,0.077
17:29:10,37.0,0.658,0.700,0.682,0.703,0.696,0.694,0.712,0.715,0.711,0.696,0.682,0.547,0.057,0.054,0.058,0.476,0.463,0.469,0.723,0.734,0.727,0.703,0.685,0.664,0.076,0.069,0.064,0.142,0.163,0.172,0.679,0.685,0.696,0.649,0.660,0.592,0.071,0.063,0.060,0.059,0.060,0.060,0.528,0.446,0.455,0.248,0.209,0.536,0.064,0.065,0.063,0.060,0.056,0.056,0.104,0.107,0.105,0.064,0.063,0.064,0.063,0.064,0.069,0.061,0.057,0.055,0.069,0.074,0.068,0.057,0.056,0.058,0.064,0.062,0.069,0.055,0.056,0.059,0.052,0.051,0.053,0.052,0.049,0.069,0.087,0.086,0.094,0.084,0.078,0.078,0.084,0.088,0.065,0.088,0.083,0.088
17:54:10,37.1,0.658,0.701,0.684,0.703,0.697,0.695,0.714,0.716,0.713,0.698,0.685,0.547,0.057,0.054,0.058,0.501,0.488,0.494,0.728,0.740,0.731,0.707,0.692,0.667,0.076,0.070,0.064,0.162,0.189,0.200,0.690,0.698,0.707,0.661,0.673,0.607,0.071,0.063,0.060,0.060,0.060,0.062,0.553,0.474,0.482,0.280,0.235,0.553,0.064,0.065,0.063,0.060,0.056,0.056,0.113,0.116,0.114,0.066,0.065,0.066,0.063,0.064,0.069,0.061,0.057,0.055,0.072,0.077,0.071,0.058,0.056,0.058,0.065,0.062,0.068,0.055,0.056,0.059,0.052,0.051,0.053,0.052,0.049,0.070,0.087,0.092,0.081,0.081,0.075,0.085,0.074,0.090,0.079,0.090,0.090,0.086
18:19:10,37.1,0.657,0.700,0.684,0.705,0.699,0.696,0.716,0.717,0.717,0.698,0.686,0.547,0.057,0.054,0.059,0.526,0.513,0.519,0.730,0.743,0.735,0.712,0.695,0.673,0.076,0.070,0.064,0.187,0.220,0.233,0.697,0.706,0.716,0.673,0.687,0.619,0.071,0.062,0.060,0.061,0.062,0.064,0.576,0.499,0.507,0.314,0.265,0.570,0.064,0.065,0.063,0.060,0.056,0.056,0.123,0.128,0.124,0.068,0.068,0.068,0.063,0.064,0.069,0.061,0.058,0.055,0.075,0.080,0.074,0.059,0.057,0.059,0.064,0.062,0.068,0.055,0.056,0.059,0.052,0.051,0.053,0.052,0.049,0.070,0.085,0.086,0.095,0.083,0.071,0.077,0.086,0.088,0.082,0.089,0.096,0.091
18:44:10,37.0,0.656,0.701,0.684,0.706,0.699,0.697,0.717,0.718,0.718,0.698,0.688,0.547,0.057,0.054,0.059,0.550,0.537,0.542,0.734,0.748,0.740,0.714,0.700,0.675,0.076,0.070,0.064,0.216,0.255,0.271,0.706,0.714,0.724,0.683,0.697,0.631,0.071,0.062,0.060,0.063,0.063,0.066,0.598,0.523,0.531,0.349,0.297,0.586,0.064,0.065,0.063,0.060,0.057,0.057,0.135,0.141,0.138,0.070,0.070,0.070,0.063,0.064,0.069,0.061,0.058,0.056,0.078,0.084,0.078,0.059,0.058,0.060,0.065,0.062,0.069,0.055,0.056,0.058,0.052,0.050,0.053,0.052,0.049,0.071,0.095,0.082,0.093,0.086,0.082,0.077,0.088,0.088,0.081,0.094,0.091,0.093
19:09:10,37.0,0.655,0.700,0.684,0.707,0.699,0.696,0.719,0.718,0.719,0.698,0.690,0.547,0.058,0.054,0.059,0.572,0.558,0.564,0.737,0.750,0.744,0.718,0.702,0.680,0.076,0.070,0.064,0.250,0.293,0.310,0.711,0.721,0.731,0.692,0.707,0.641,0.071,0.062,0.059,0.064,0.065,0.068,0.621,0.547,0.555,0.382,0.329,0.602,0.064,0.065,0.063,0.061,0.057,0.057,0.149,0.156,0.152,0.073,0.074,0.072,0.063,0.064,0.069,0.062,0.058,0.056,0.082,0.088,0.082,0.061,0.059,0.061,0.064,0.062,0.068,0.055,0.056,0.058,0.051,0.050,0.053,0.052,0.049,0.072,0.090,0.098,0.088,0.082,0.082,0.077,0.072,0.092,0.082,0.088,0.095,0.089
19:34:10,37.0,0.654,0.700,0.683,0.706,0.699,0.697,0.720,0.719,0.719,0.697,0.691,0.548,0.057,0.055,0.059,0.591,0.579,0.584,0.741,0.753,0.746,0.720,0.707,0.680,0.076,0.070,0.064,0.287,0.332,0.349,0.719,0.728,0.738,0.699,0.715,0.649,0.070,0.062,0.059,0.066,0.067,0.071,0.638,0.567,0.575,0.412,0.360,0.616,0.063,0.065,0.063,0.061,0.058,0.058,0.166,0.174,0.170,0.076,0.077,0.075,0.063,0.064,0.069,0.062,0.058,0.056,0.087,0.094,0.087,0.062,0.061,0.061,0.064,0.062,0.068,0.055,0.056,0.058,0.052,0.050,0.053,0.051,0.049,0.073,0.081,0.097,0.099,0.083,0.081,0.070,0.081,0.087,0.078,0.095,0.096,0.084
19:59:10,37.1,0.653,0.700,0.683,0.707,0.700,0.696,0.721,0.720,0.721,0.699,0.693,0.548,0.058,0.055,0.059,0.608,0.598,0.600,0.743,0.757,0.749,0.724,0.709,0.684,0.076,0.070,0.065,0.324,0.369,0.386,0.722,0.733,0.742,0.706,0.722,0.658,0.070,0.062,0.059,0.068,0.070,0.075,0.657,0.588,0.597,0.440,0.390,0.632,0.063,0.065,0.063,0.062,0.059,0.059,0.186,0.196,0.191,0.080,0.081,0.079,0.063,0.064,0.069,0.063,0.059,0.057,0.093,0.100,0.093,0.064,0.062,0.062,0.064,0.063,0.068,0.055,0.056,0.059,0.052,0.051,0.053,0.052,0.050,0.073,0.085,0.084,0.093,0.080,0.087,0.087,0.088,0.098,0.084,0.097,0.099,0.091
20:24:10,37.1,0.653,0.700,0.683,0.707,0.700,0.697,0.721,0.720,0.722,0.700,0.693,0.548,0.058,0.055,0.059,0.625,0.613,0.617,0.746,0.760,0.752,0.725,0.712,0.686,0.076,0.070,0.065,0.360,0.404,0.421,0.728,0.738,0.748,0.712,0.729,0.662,0.070,0.062,0.059,0.071,0.073,0.079,0.671,0.610,0.618,0.466,0.417,0.643,0.063,0.065,0.063,0.063,0.059,0.060,0.210,0.221,0.215,0.084,0.086,0.082,0.063,0.064,0.069,0.063,0.060,0.058,0.099,0.107,0.100,0.066,0.063,0.064,0.066,0.062,0.069,0.055,0.056,0.059,0.052,0.051,0.054,0.052,0.050,0.072,0.077,0.093,0.102,0.095,0.088,0.081,0.097,0.095,0.089,0.099,0.078,0.101
20:49:10,37.0,0.652,0.699,0.683,0.708,0.700,0.697,0.723,0.721,0.723,0.699,0.696,0.547,0.058,0.055,0.059,0.638,0.628,0.631,0.748,0.762,0.753,0.727,0.713,0.688,0.076,0.070,0.065,0.392,0.435,0.452,0.731,0.743,0.751,0.716,0.735,0.669,0.070,0.062,0.059,0.074,0.077,0.084,0.685,0.626,0.634,0.488,0.441,0.656,0.063,0.064,0.063,0.064,0.061,0.062,0.236,0.249,0.242,0.089,0.091,0.087,0.063,0.063,0.068,0.064,0.060,0.059,0.106,0.115,0.107,0.068,0.065,0.065,0.067,0.062,0.068,0.055,0.056,0.059,0.052,0.051,0.054,0.052,0.051,0.074,0.095,0.097,0.090,0.089,0.087,0.092,0.094,0.101,0.091,0.093,0.104,0.091
21:14:10,37.1,0.651,0.699,0.682,0.708,0.700,0.697,0.723,0.721,0.724,0.698,0.696,0.548,0.058,0.055,0.060,0.652,0.641,0.644,0.750,0.764,0.756,0.729,0.716,0.690,0.076,0.070,0.065,0.422,0.465,0.482,0.735,0.747,0.756,0.722,0.740,0.675,0.070,0.062,0.059,0.077,0.082,0.090,0.697,0.644,0.651,0.510,0.463,0.667,0.063,0.064,0.063,0.065,0.062,0.064,0.265,0.280,0.272,0.094,0.098,0.091,0.062,0.063,0.068,0.064,0.061,0.060,0.115,0.125,0.117,0.070,0.067,0.066,0.069,0.062,0.068,0.055,0.056,0.059,0.052,0.051,0.055,0.053,0.052,0.075,0.092,0.095,0.097,0.096,0.079,0.071,0.096,0.087,0.079,0.080,0.101,0.078
21:39:10,37.0,0.651,0.699,0.682,0.709,0.700,0.697,0.724,0.721,0.725,0.709,0.697,0.547,0.058,0.055,0.060,0.662,0.652,0.655,0.752,0.765,0.757,0.730,0.718,0.692,0.075,0.070,0.065,0.451,0.494,0.511,0.739,0.751,0.759,0.725,0.744,0.681,0.070,0.062,0.059,0.082,0.087,0.097,0.707,0.656,0.664,0.531,0.484,0.678,0.063,0.064,0.063,0.067,0.064,0.066,0.297,0.313,0.304,0.101,0.106,0.097,0.063,0.063,0.068,0.065,0.062,0.061,0.125,0.136,0.127,0.072,0.069,0.067,0.072,0.062,0.069,0.055,0.057,0.059,0.052,0.051,0.055,0.054,0.051,0.076,0.095,0.105,0.087,0.097,0.093,0.080,0.093,0.087,0.090,0.101,0.094,0.101
22:04:10,37.1,0.649,0.699,0.682,0.709,0.701,0.698,0.725,0.721,0.726,0.697,0.699,0.547,0.058,0.055,0.061,0.673,0.662,0.665,0.753,0.768,0.759,0.732,0.720,0.694,0.075,0.070,0.065,0.477,0.521,0.538,0.743,0.754,0.763,0.730,0.749,0.685,0.070,0.062,0.059,0.087,0.093,0.105,0.716,0.671,0.679,0.551,0.504,0.688,0.063,0.064,0.062,0.069,0.066,0.068,0.330,0.346,0.336,0.108,0.115,0.103,0.062,0.063,0.068,0.067,0.064,0.062,0.137,0.149,0.139,0.075,0.071,0.068,0.075,0.062,0.068,0.054,0.056,0.059,0.053,0.053,0.054,0.054,0.053,0.076,0.089,0.096,0.090,0.092,0.082,0.095,0.090,0.090,0.082,0.096,0.091,0.093
22:29:10,37.1,0.649,0.700,0.682,0.710,0.702,0.698,0.725,0.722,0.727,0.698,0.700,0.545,0.058,0.055,0.060,0.681,0.671,0.674,0.754,0.769,0.760,0.733,0.722,0.696,0.076,0.070,0.065,0.502,0.546,0.566,0.746,0.757,0.766,0.734,0.752,0.689,0.070,0.062,0.059,0.093,0.101,0.116,0.722,0.682,0.688,0.572,0.525,0.699,0.063,0.064,0.063,0.071,0.069,0.070,0.363,0.378,0.367,0.117,0.125,0.110,0.062,0.063,0.068,0.068,0.065,0.064,0.151,0.164,0.154,0.079,0.074,0.069,0.073,0.065,0.069,0.054,0.057,0.058,0.054,0.052,0.056,0.055,0.055,0.078,0.078,0.101,0.093,0.091,0.086,0.089,0.094,0.095,0.097,0.098,0.103,0.083
22:54:10,37.1,0.648,0.701,0.681,0.711,0.702,0.699,0.726,0.721,0.727,0.699,0.702,0.544,0.058,0.055,0.059,0.690,0.679,0.682,0.755,0.770,0.761,0.734,0.723,0.697,0.075,0.070,0.065,0.527,0.571,0.587,0.749,0.761,0.769,0.737,0.757,0.691,0.070,0.062,0.059,0.100,0.110,0.129,0.730,0.693,0.699,0.591,0.544,0.708,0.063,0.064,0.062,0.074,0.071,0.073,0.394,0.409,0.397,0.127,0.137,0.117,0.062,0.063,0.068,0.070,0.067,0.066,0.167,0.181,0.171,0.082,0.077,0.071,0.073,0.067,0.069,0.056,0.057,0.061,0.056,0.054,0.058,0.055,0.057,0.077,0.106,0.097,0.087,0.105,0.081,0.078,0.100,0.084,0.093,0.091,0.103,0.073
23:19:10,37.0,0.647,0.701,0.682,0.712,0.703,0.699,0.727,0.722,0.728,0.698,0.703,0.543,0.059,0.055,0.060,0.696,0.687,0.690,0.756,0.771,0.762,0.735,0.725,0.698,0.075,0.070,0.065,0.551,0.593,0.611,0.753,0.765,0.773,0.741,0.760,0.694,0.069,0.061,0.059,0.109,0.121,0.144,0.734,0.701,0.707,0.608,0.562,0.718,0.063,0.064,0.062,0.077,0.075,0.077,0.424,0.438,0.424,0.139,0.151,0.126,0.062,0.063,0.068,0.071,0.069,0.068,0.185,0.201,0.190,0.087,0.080,0.073,0.073,0.067,0.069,0.057,0.060,0.062,0.056,0.055,0.059,0.057,0.062,0.077,0.096,0.086,0.110,0.106,0.077,0.089,0.102,0.095,0.078,0.100,0.117,0.102
23:44:10,37.0,0.646,0.701,0.681,0.712,0.703,0.699,0.726,0.722,0.729,0.699,0.704,0.543,0.059,0.056,0.060,0.704,0.693,0.695,0.757,0.772,0.762,0.736,0.725,0.699,0.075,0.070,0.065,0.572,0.615,0.629,0.755,0.768,0.776,0.745,0.764,0.696,0.069,0.061,0.059,0.120,0.135,0.163,0.741,0.708,0.714,0.623,0.578,0.726,0.062,0.064,0.062,0.080,0.078,0.081,0.450,0.463,0.449,0.152,0.166,0.135,0.062,0.063,0.068,0.073,0.072,0.071,0.205,0.224,0.212,0.092,0.084,0.074,0.073,0.071,0.069,0.058,0.061,0.064,0.058,0.056,0.060,0.058,0.062,0.080,0.096,0.091,0.108,0.097,0.086,0.088,0.086,0.094,0.087,0.110,0.096,0.086
24:09:10,37.0,0.643,0.701,0.682,0.712,0.704,0.700,0.727,0.722,0.729,0.698,0.705,0.542,0.059,0.055,0.060,0.708,0.699,0.702,0.757,0.773,0.763,0.736,0.726,0.699,0.075,0.070,0.065,0.594,0.635,0.647,0.758,0.770,0.778,0.748,0.767,0.699,0.069,0.061,0.059,0.133,0.151,0.186,0.745,0.715,0.721,0.636,0.593,0.735,0.062,0.064,0.062,0.084,0.083,0.086,0.473,0.485,0.471,0.168,0.184,0.146,0.062,0.063,0.068,0.075,0.074,0.074,0.229,0.250,0.236,0.097,0.088,0.076,0.074,0.070,0.071,0.059,0.061,0.065,0.059,0.058,0.061,0.060,0.061,0.078,0.085,0.091,0.087,0.093,0.076,0.083,0.107,0.094,0.088,0.102,0.106,0.086
24:34:10,37.0,0.642,0.702,0.681,0.713,0.704,0.700,0.728,0.721,0.730,0.698,0.706,0.542,0.059,0.055,0.060,0.715,0.704,0.706,0.758,0.774,0.764,0.736,0.727,0.701,0.075,0.070,0.065,0.610,0.653,0.661,0.760,0.773,0.780,0.750,0.770,0.701,0.069,0.061,0.059,0.149,0.171,0.214,0.749,0.720,0.726,0.649,0.608,0.742,0.062,0.064,0.062,0.089,0.088,0.092,0.494,0.503,0.490,0.186,0.205,0.158,0.062,0.063,0.068,0.078,0.077,0.077,0.254,0.277,0.263,0.104,0.093,0.077,0.074,0.069,0.072,0.060,0.063,0.068,0.060,0.060,0.064,0.061,0.061,0.082,0.082,0.088,0.090,0.113,0.095,0.097,0.094,0.103,0.079,0.107,0.089,0.115
24:59:10,37.0,0.640,0.701,0.682,0.714,0.704,0.700,0.727,0.722,0.731,0.698,0.707,0.541,0.059,0.056,0.060,0.719,0.709,0.712,0.759,0.775,0.765,0.737,0.728,0.702,0.074,0.070,0.065,0.629,0.667,0.674,0.763,0.776,0.782,0.753,0.773,0.703,0.068,0.061,0.058,0.168,0.195,0.246,0.754,0.725,0.732,0.659,0.619,0.749,0.062,0.064,0.062,0.094,0.094,0.099,0.514,0.522,0.509,0.206,0.228,0.170,0.062,0.063,0.068,0.081,0.081,0.081,0.282,0.306,0.291,0.111,0.098,0.079,0.073,0.069,0.071,0.061,0.062,0.070,0.061,0.061,0.068,0.063,0.061,0.080,0.080,0.087,0.105,0.088,0.098,0.094,0.086,0.076,0.096,0.102,0.102,0.110
25:24:10,37.0,0.637,0.702,0.682,0.715,0.705,0.701,0.728,0.722,0.731,0.699,0.708,0.540,0.059,0.056,0.060,0.725,0.714,0.716,0.759,0.775,0.765,0.737,0.728,0.702,0.074,0.070,0.065,0.639,0.680,0.683,0.764,0.777,0.784,0.756,0.775,0.705,0.068,0.061,0.058,0.191,0.224,0.281,0.757,0.730,0.737,0.670,0.632,0.753,0.062,0.064,0.062,0.101,0.101,0.107,0.533,0.542,0.528,0.230,0.253,0.184,0.061,0.063,0.068,0.084,0.085,0.086,0.309,0.335,0.318,0.119,0.104,0.081,0.074,0.069,0.074,0.065,0.065,0.068,0.066,0.064,0.067,0.067,0.060,0.082,0.084,0.094,0.091,0.089,0.082,0.096,0.107,0.104,0.092,0.109,0.105,0.088
25:49:10,37.1,0.634,0.701,0.682,0.715,0.705,0.700,0.728,0.722,0.733,0.699,0.708,0.539,0.059,0.056,0.060,0.729,0.717,0.721,0.761,0.776,0.766,0.738,0.728,0.703,0.074,0.070,0.065,0.652,0.691,0.693,0.766,0.779,0.786,0.758,0.778,0.707,0.068,0.061,0.058,0.218,0.256,0.317,0.761,0.734,0.741,0.679,0.640,0.758,0.061,0.063,0.062,0.108,0.110,0.117,0.551,0.560,0.546,0.256,0.279,0.199,0.061,0.063,0.068,0.088,0.089,0.091,0.337,0.363,0.346,0.129,0.112,0.082,0.074,0.069,0.074,0.068,0.065,0.067,0.069,0.063,0.067,0.071,0.060,0.083,0.081,0.120,0.108,0.088,0.099,0.110,0.107,0.081,0.089,0.106,0.114,0.097
26:14:10,37.1,0.629,0.699,0.680,0.713,0.704,0.698,0.727,0.720,0.732,0.698,0.707,0.538,0.059,0.056,0.060,0.731,0.720,0.722,0.759,0.775,0.765,0.736,0.727,0.703,0.073,0.070,0.064,0.658,0.700,0.699,0.766,0.779,0.786,0.759,0.777,0.707,0.068,0.061,0.058,0.248,0.289,0.352,0.764,0.737,0.745,0.685,0.650,0.763,0.061,0.063,0.062,0.117,0.120,0.128,0.566,0.575,0.562,0.282,0.306,0.215,0.061,0.063,0.067,0.092,0.094,0.097,0.363,0.389,0.371,0.140,0.119,0.084,0.073,0.069,0.076,0.067,0.066,0.067,0.068,0.062,0.067,0.069,0.061,0.078,0.085,0.087,0.105,0.103,0.104,0.098,0.084,0.091,0.087,0.106,0.108,0.103
26:39:10,37.0,0.625,0.698,0.680,0.713,0.704,0.698,0.727,0.720,0.731,0.698,0.708,0.536,0.059,0.056,0.060,0.734,0.723,0.726,0.760,0.776,0.766,0.736,0.727,0.704,0.073,0.070,0.065,0.668,0.708,0.706,0.768,0.780,0.788,0.760,0.779,0.708,0.067,0.061,0.058,0.280,0.324,0.386,0.768,0.740,0.749,0.693,0.658,0.767,0.061,0.063,0.062,0.127,0.132,0.142,0.583,0.591,0.576,0.310,0.333,0.231,0.061,0.062,0.067,0.097,0.101,0.104,0.388,0.415,0.395,0.152,0.129,0.086,0.073,0.070,0.078,0.066,0.068,0.067,0.066,0.062,0.066,0.069,0.061,0.077,0.081,0.084,0.104,0.093,0.076,0.075,0.104,0.082,0.072,0.107,0.105,0.103
27:04:10,37.1,0.620,0.697,0.679,0.713,0.703,0.697,0.727,0.720,0.732,0.698,0.708,0.535,0.059,0.056,0.060,0.738,0.727,0.729,0.761,0.776,0.766,0.737,0.728,0.704,0.072,0.070,0.065,0.675,0.715,0.711,0.769,0.782,0.789,0.762,0.781,0.709,0.067,0.060,0.058,0.312,0.357,0.417,0.770,0.744,0.752,0.698,0.665,0.770,0.061,0.063,0.062,0.139,0.147,0.158,0.597,0.607,0.592,0.339,0.359,0.248,0.061,0.062,0.067,0.103,0.108,0.113,0.410,0.437,0.417,0.167,0.138,0.087,0.072,0.069,0.082,0.065,0.072,0.068,0.067,0.062,0.066,0.069,0.060,0.080,0.085,0.095,0.093,0.106,0.100,0.098,0.085,0.087,0.090,0.114,0.117,0.089
27:29:10,37.1,0.616,0.694,0.677,0.713,0.703,0.695,0.726,0.720,0.733,0.697,0.709,0.534,0.059,0.056,0.060,0.738,0.729,0.731,0.761,0.777,0.767,0.736,0.729,0.705,0.072,0.070,0.064,0.682,0.720,0.718,0.770,0.782,0.790,0.763,0.782,0.711,0.067,0.060,0.058,0.344,0.388,0.446,0.773,0.748,0.755,0.705,0.671,0.773,0.060,0.063,0.061,0.154,0.164,0.177,0.610,0.618,0.605,0.366,0.385,0.264,0.061,0.062,0.067,0.110,0.116,0.122,0.430,0.457,0.436,0.183,0.150,0.089,0.072,0.069,0.083,0.065,0.076,0.068,0.066,0.060,0.066,0.069,0.061,0.078,0.082,0.091,0.107,0.109,0.105,0.109,0.101,0.103,0.091,0.105,0.085,0.110
27:54:10,37.1,0.610,0.692,0.676,0.712,0.702,0.694,0.726,0.719,0.732,0.697,0.709,0.531,0.059,0.056,0.061,0.740,0.729,0.732,0.762,0.778,0.768,0.737,0.729,0.705,0.072,0.070,0.065,0.688,0.727,0.723,0.771,0.785,0.792,0.765,0.784,0.712,0.067,0.060,0.058,0.374,0.416,0.473,0.776,0.751,0.759,0.709,0.677,0.775,0.060,0.063,0.061,0.171,0.184,0.199,0.624,0.632,0.617,0.392,0.407,0.281,0.061,0.062,0.067,0.118,0.126,0.134,0.449,0.476,0.454,0.201,0.162,0.091,0.072,0.070,0.082,0.065,0.076,0.067,0.066,0.061,0.065,0.069,0.060,0.083,0.084,0.086,0.093,0.094,0.088,0.086,0.100,0.106,0.107,0.104,0.099,0.100
28:19:10,37.1,0.604,0.689,0.674,0.712,0.700,0.692,0.725,0.718,0.732,0.697,0.709,0.529,0.059,0.056,0.061,0.743,0.730,0.734,0.763,0.778,0.769,0.737,0.729,0.705,0.071,0.070,0.064,0.693,0.730,0.726,0.772,0.785,0.792,0.766,0.785,0.713,0.066,0.060,0.058,0.402,0.442,0.500,0.779,0.755,0.762,0.714,0.683,0.777,0.061,0.063,0.061,0.192,0.207,0.225,0.632,0.641,0.628,0.415,0.429,0.296,0.060,0.062,0.067,0.127,0.138,0.147,0.466,0.493,0.470,0.221,0.175,0.093,0.071,0.070,0.082,0.065,0.075,0.067,0.066,0.061,0.065,0.068,0.060,0.085,0.102,0.084,0.092,0.094,0.094,0.076,0.094,0.122,0.076,0.109,0.107,0.102
28:44:10,37.1,0.598,0.686,0.673,0.711,0.699,0.690,0.724,0.717,0.732,0.696,0.709,0.527,0.059,0.056,0.061,0.745,0.733,0.736,0.763,0.778,0.769,0.737,0.729,0.705,0.071,0.069,0.064,0.696,0.734,0.731,0.774,0.787,0.794,0.767,0.786,0.713,0.066,0.060,0.057,0.427,0.467,0.524,0.781,0.758,0.765,0.719,0.687,0.778,0.060,0.063,0.061,0.214,0.233,0.254,0.643,0.651,0.637,0.439,0.449,0.311,0.061,0.062,0.067,0.138,0.151,0.162,0.482,0.508,0.487,0.243,0.191,0.094,0.071,0.070,0.082,0.065,0.073,0.067,0.067,0.060,0.066,0.069,0.061,0.089,0.081,0.115,0.119,0.125,0.089,0.115,0.077,0.089,0.098,0.113,0.102,0.102
29:09:10,37.0,0.590,0.683,0.669,0.710,0.697,0.688,0.722,0.716,0.730,0.696,0.709,0.524,0.059,0.056,0.061,0.747,0.734,0.738,0.764,0.779,0.769,0.737,0.730,0.706,0.070,0.069,0.064,0.700,0.737,0.734,0.775,0.788,0.795,0.768,0.787,0.713,0.066,0.060,0.057,0.452,0.492,0.548,0.783,0.761,0.768,0.723,0.692,0.778,0.060,0.063,0.061,0.240,0.263,0.285,0.652,0.660,0.647,0.458,0.467,0.325,0.061,0.062,0.067,0.150,0.166,0.180,0.497,0.523,0.500,0.267,0.208,0.097,0.070,0.071,0.082,0.065,0.074,0.068,0.067,0.061,0.067,0.068,0.061,0.089,0.086,0.124,0.095,0.084,0.084,0.101,0.083,0.091,0.075,0.102,0.107,0.098
29:34:10,37.0,0.583,0.679,0.667,0.708,0.696,0.685,0.721,0.714,0.729,0.695,0.710,0.521,0.059,0.056,0.061,0.748,0.736,0.739,0.764,0.779,0.770,0.738,0.730,0.706,0.070,0.069,0.064,0.704,0.741,0.737,0.776,0.789,0.796,0.769,0.788,0.713,0.065,0.060,0.057,0.476,0.514,0.568,0.786,0.763,0.770,0.726,0.696,0.779,0.060,0.062,0.061,0.269,0.294,0.318,0.660,0.667,0.654,0.478,0.483,0.339,0.061,0.062,0.067,0.164,0.184,0.200,0.511,0.538,0.515,0.290,0.225,0.098,0.070,0.071,0.081,0.065,0.073,0.068,0.067,0.060,0.066,0.067,0.061,0.088,0.116,0.086,0.107,0.086,0.075,0.098,0.098,0.079,0.083,0.099,0.090,0.107
29:59:10,37.1,0.575,0.674,0.665,0.706,0.693,0.682,0.720,0.712,0.727,0.694,0.709,0.519,0.059,0.056,0.061,0.750,0.738,0.741,0.764,0.779,0.771,0.736,0.730,0.705,0.069,0.069,0.064,0.707,0.743,0.740,0.777,0.790,0.797,0.769,0.789,0.713,0.065,0.060,0.057,0.497,0.535,0.589,0.788,0.765,0.772,0.730,0.700,0.779,0.060,0.062,0.061,0.297,0.325,0.350,0.668,0.676,0.662,0.496,0.498,0.353,0.061,0.061,0.067,0.180,0.203,0.223,0.523,0.550,0.527,0.314,0.244,0.101,0.070,0.071,0.081,0.065,0.073,0.068,0.066,0.060,0.066,0.067,0.061,0.078,0.083,0.090,0.116,0.085,0.088,0.078,0.080,0.090,0.072,0.104,0.087,0.110
30:24:10,37.1,0.566,0.669,0.661,0.704,0.691,0.679,0.718,0.710,0.725,0.693,0.709,0.515,0.059,0.056,0.061,0.752,0.739,0.742,0.765,0.779,0.770,0.736,0.730,0.704,0.069,0.069,0.064,0.710,0.746,0.743,0.778,0.791,0.798,0.770,0.789,0.713,0.065,0.059,0.057,0.518,0.555,0.606,0.790,0.767,0.774,0.733,0.704,0.779,0.059,0.062,0.061,0.327,0.356,0.382,0.674,0.682,0.669,0.513,0.513,0.365,0.060,0.061,0.067,0.198,0.226,0.248,0.537,0.564,0.539,0.339,0.263,0.102,0.068,0.070,0.081,0.065,0.072,0.068,0.067,0.061,0.066,0.067,0.060,0.089,0.082,0.103,0.121,0.137,0.112,0.098,0.079,0.080,0.091,0.092,0.124,0.111

